   0.0000000000000000e+00
   2.0000000000000000e-02
   4.0000000000000001e-02
   5.9999999999999998e-02
   8.0000000000000002e-02
   1.0000000000000001e-01
   1.2000000000000000e-01
   1.4000000000000001e-01
   1.6000000000000000e-01
   1.7999999999999999e-01
   2.0000000000000001e-01
   2.2000000000000000e-01
   2.3999999999999999e-01
   2.6000000000000001e-01
   2.8000000000000003e-01
   2.9999999999999999e-01
   3.2000000000000001e-01
   3.4000000000000002e-01
   3.5999999999999999e-01
   3.8000000000000000e-01
   4.0000000000000002e-01
   4.1999999999999998e-01
   4.4000000000000000e-01
   4.6000000000000002e-01
   4.7999999999999998e-01
   5.0000000000000000e-01
   5.2000000000000002e-01
   5.4000000000000004e-01
   5.6000000000000005e-01
   5.7999999999999996e-01
   5.9999999999999998e-01
   6.2000000000000000e-01
   6.4000000000000001e-01
   6.6000000000000003e-01
   6.8000000000000005e-01
   7.0000000000000007e-01
   7.1999999999999997e-01
   7.3999999999999999e-01
   7.6000000000000001e-01
   7.8000000000000003e-01
   8.0000000000000004e-01
   8.2000000000000006e-01
   8.3999999999999997e-01
   8.5999999999999999e-01
   8.8000000000000000e-01
   9.0000000000000002e-01
   9.2000000000000004e-01
   9.4000000000000006e-01
   9.5999999999999996e-01
   9.7999999999999998e-01
   1.0000000000000000e+00
   1.0200000000000000e+00
   1.0400000000000000e+00
   1.0600000000000001e+00
   1.0800000000000001e+00
   1.1000000000000001e+00
   1.1200000000000001e+00
   1.1400000000000001e+00
   1.1599999999999999e+00
   1.1799999999999999e+00
   1.2000000000000000e+00
   1.2200000000000000e+00
   1.2400000000000000e+00
   1.2600000000000000e+00
   1.2800000000000000e+00
   1.3000000000000000e+00
   1.3200000000000001e+00
   1.3400000000000001e+00
   1.3600000000000001e+00
   1.3800000000000001e+00
   1.4000000000000001e+00
   1.4199999999999999e+00
   1.4399999999999999e+00
   1.4600000000000000e+00
   1.4800000000000000e+00
   1.5000000000000000e+00
   1.5200000000000000e+00
   1.5400000000000000e+00
   1.5600000000000001e+00
   1.5800000000000001e+00
   1.6000000000000001e+00
   1.6200000000000001e+00
   1.6400000000000001e+00
   1.6600000000000001e+00
   1.6799999999999999e+00
   1.7000000000000000e+00
   1.7200000000000000e+00
   1.7400000000000000e+00
   1.7600000000000000e+00
   1.7800000000000000e+00
   1.8000000000000000e+00
   1.8200000000000001e+00
   1.8400000000000001e+00
   1.8600000000000001e+00
   1.8800000000000001e+00
   1.9000000000000001e+00
   1.9199999999999999e+00
   1.9399999999999999e+00
   1.9600000000000000e+00
   1.9800000000000000e+00
   2.0000000000000000e+00
   2.0200000000000000e+00
   2.0400000000000000e+00
   2.0600000000000001e+00
   2.0800000000000001e+00
   2.1000000000000001e+00
   2.1200000000000001e+00
   2.1400000000000001e+00
   2.1600000000000001e+00
   2.1800000000000002e+00
   2.2000000000000002e+00
   2.2200000000000002e+00
   2.2400000000000002e+00
   2.2600000000000002e+00
   2.2800000000000002e+00
   2.3000000000000003e+00
   2.3199999999999998e+00
   2.3399999999999999e+00
   2.3599999999999999e+00
   2.3799999999999999e+00
   2.3999999999999999e+00
   2.4199999999999999e+00
   2.4399999999999999e+00
   2.4600000000000000e+00
   2.4800000000000000e+00
   2.5000000000000000e+00
   2.5200000000000000e+00
   2.5400000000000000e+00
   2.5600000000000001e+00
   2.5800000000000001e+00
   2.6000000000000001e+00
   2.6200000000000001e+00
   2.6400000000000001e+00
   2.6600000000000001e+00
   2.6800000000000002e+00
   2.7000000000000002e+00
   2.7200000000000002e+00
   2.7400000000000002e+00
   2.7600000000000002e+00
   2.7800000000000002e+00
   2.8000000000000003e+00
   2.8199999999999998e+00
   2.8399999999999999e+00
   2.8599999999999999e+00
   2.8799999999999999e+00
   2.8999999999999999e+00
   2.9199999999999999e+00
   2.9399999999999999e+00
   2.9600000000000000e+00
   2.9800000000000000e+00
   3.0000000000000000e+00
   3.0200000000000000e+00
   3.0400000000000000e+00
   3.0600000000000001e+00
   3.0800000000000001e+00
   3.1000000000000001e+00
   3.1200000000000001e+00
   3.1400000000000001e+00
   3.1600000000000001e+00
   3.1800000000000002e+00
   3.2000000000000002e+00
   3.2200000000000002e+00
   3.2400000000000002e+00
   3.2600000000000002e+00
   3.2800000000000002e+00
   3.3000000000000003e+00
   3.3200000000000003e+00
   3.3399999999999999e+00
   3.3599999999999999e+00
   3.3799999999999999e+00
   3.3999999999999999e+00
   3.4199999999999999e+00
   3.4399999999999999e+00
   3.4600000000000000e+00
   3.4800000000000000e+00
   3.5000000000000000e+00
   3.5200000000000000e+00
   3.5400000000000000e+00
   3.5600000000000001e+00
   3.5800000000000001e+00
   3.6000000000000001e+00
   3.6200000000000001e+00
   3.6400000000000001e+00
   3.6600000000000001e+00
   3.6800000000000002e+00
   3.7000000000000002e+00
   3.7200000000000002e+00
   3.7400000000000002e+00
   3.7600000000000002e+00
   3.7800000000000002e+00
   3.8000000000000003e+00
   3.8200000000000003e+00
   3.8399999999999999e+00
   3.8599999999999999e+00
   3.8799999999999999e+00
   3.8999999999999999e+00
   3.9199999999999999e+00
   3.9399999999999999e+00
   3.9600000000000000e+00
   3.9800000000000000e+00
   4.0000000000000000e+00
   4.0200000000000005e+00
   4.0400000000000000e+00
   4.0600000000000005e+00
   4.0800000000000001e+00
   4.0999999999999996e+00
   4.1200000000000001e+00
   4.1399999999999997e+00
   4.1600000000000001e+00
   4.1799999999999997e+00
   4.2000000000000002e+00
   4.2199999999999998e+00
   4.2400000000000002e+00
   4.2599999999999998e+00
   4.2800000000000002e+00
   4.2999999999999998e+00
   4.3200000000000003e+00
   4.3399999999999999e+00
   4.3600000000000003e+00
   4.3799999999999999e+00
   4.4000000000000004e+00
   4.4199999999999999e+00
   4.4400000000000004e+00
   4.4600000000000000e+00
   4.4800000000000004e+00
   4.5000000000000000e+00
   4.5200000000000005e+00
   4.5400000000000000e+00
   4.5600000000000005e+00
   4.5800000000000001e+00
   4.6000000000000005e+00
   4.6200000000000001e+00
   4.6399999999999997e+00
   4.6600000000000001e+00
   4.6799999999999997e+00
   4.7000000000000002e+00
   4.7199999999999998e+00
   4.7400000000000002e+00
   4.7599999999999998e+00
   4.7800000000000002e+00
   4.7999999999999998e+00
   4.8200000000000003e+00
   4.8399999999999999e+00
   4.8600000000000003e+00
   4.8799999999999999e+00
   4.9000000000000004e+00
   4.9199999999999999e+00
   4.9400000000000004e+00
   4.9600000000000000e+00
   4.9800000000000004e+00
   5.0000000000000000e+00
   5.0200000000000005e+00
   5.0400000000000000e+00
   5.0600000000000005e+00
   5.0800000000000001e+00
   5.1000000000000005e+00
   5.1200000000000001e+00
   5.1399999999999997e+00
   5.1600000000000001e+00
   5.1799999999999997e+00
   5.2000000000000002e+00
   5.2199999999999998e+00
   5.2400000000000002e+00
   5.2599999999999998e+00
   5.2800000000000002e+00
   5.2999999999999998e+00
   5.3200000000000003e+00
   5.3399999999999999e+00
   5.3600000000000003e+00
   5.3799999999999999e+00
   5.4000000000000004e+00
   5.4199999999999999e+00
   5.4400000000000004e+00
   5.4600000000000000e+00
   5.4800000000000004e+00
   5.5000000000000000e+00
   5.5200000000000005e+00
   5.5400000000000000e+00
   5.5600000000000005e+00
   5.5800000000000001e+00
   5.6000000000000005e+00
   5.6200000000000001e+00
   5.6399999999999997e+00
   5.6600000000000001e+00
   5.6799999999999997e+00
   5.7000000000000002e+00
   5.7199999999999998e+00
   5.7400000000000002e+00
   5.7599999999999998e+00
   5.7800000000000002e+00
   5.7999999999999998e+00
   5.8200000000000003e+00
   5.8399999999999999e+00
   5.8600000000000003e+00
   5.8799999999999999e+00
   5.9000000000000004e+00
   5.9199999999999999e+00
   5.9400000000000004e+00
   5.9600000000000000e+00
   5.9800000000000004e+00
   6.0000000000000000e+00
   6.0200000000000005e+00
   6.0400000000000000e+00
   6.0600000000000005e+00
   6.0800000000000001e+00
   6.1000000000000005e+00
   6.1200000000000001e+00
   6.1400000000000006e+00
   6.1600000000000001e+00
   6.1799999999999997e+00
   6.2000000000000002e+00
   6.2199999999999998e+00
   6.2400000000000002e+00
   6.2599999999999998e+00
   6.2800000000000002e+00
   6.2999999999999998e+00
   6.3200000000000003e+00
   6.3399999999999999e+00
   6.3600000000000003e+00
   6.3799999999999999e+00
   6.4000000000000004e+00
   6.4199999999999999e+00
   6.4400000000000004e+00
   6.4600000000000000e+00
   6.4800000000000004e+00
   6.5000000000000000e+00
   6.5200000000000005e+00
   6.5400000000000000e+00
   6.5600000000000005e+00
   6.5800000000000001e+00
   6.6000000000000005e+00
   6.6200000000000001e+00
   6.6400000000000006e+00
   6.6600000000000001e+00
   6.6799999999999997e+00
   6.7000000000000002e+00
   6.7199999999999998e+00
   6.7400000000000002e+00
   6.7599999999999998e+00
   6.7800000000000002e+00
   6.7999999999999998e+00
   6.8200000000000003e+00
   6.8399999999999999e+00
   6.8600000000000003e+00
   6.8799999999999999e+00
   6.9000000000000004e+00
   6.9199999999999999e+00
   6.9400000000000004e+00
   6.9600000000000000e+00
   6.9800000000000004e+00
   7.0000000000000000e+00
   7.0200000000000005e+00
   7.0400000000000000e+00
   7.0600000000000005e+00
   7.0800000000000001e+00
   7.1000000000000005e+00
   7.1200000000000001e+00
   7.1400000000000006e+00
   7.1600000000000001e+00
   7.1799999999999997e+00
   7.2000000000000002e+00
   7.2199999999999998e+00
   7.2400000000000002e+00
   7.2599999999999998e+00
   7.2800000000000002e+00
   7.2999999999999998e+00
   7.3200000000000003e+00
   7.3399999999999999e+00
   7.3600000000000003e+00
   7.3799999999999999e+00
   7.4000000000000004e+00
   7.4199999999999999e+00
   7.4400000000000004e+00
   7.4600000000000000e+00
   7.4800000000000004e+00
   7.5000000000000000e+00
   7.5200000000000005e+00
   7.5400000000000000e+00
   7.5600000000000005e+00
   7.5800000000000001e+00
   7.6000000000000005e+00
   7.6200000000000001e+00
   7.6400000000000006e+00
   7.6600000000000001e+00
   7.6799999999999997e+00
   7.7000000000000002e+00
   7.7199999999999998e+00
   7.7400000000000002e+00
   7.7599999999999998e+00
   7.7800000000000002e+00
   7.7999999999999998e+00
   7.8200000000000003e+00
   7.8399999999999999e+00
   7.8600000000000003e+00
   7.8799999999999999e+00
   7.9000000000000004e+00
   7.9199999999999999e+00
   7.9400000000000004e+00
   7.9600000000000000e+00
   7.9800000000000004e+00
   8.0000000000000000e+00
   8.0199999999999996e+00
   8.0400000000000009e+00
   8.0600000000000005e+00
   8.0800000000000001e+00
   8.0999999999999996e+00
   8.1200000000000010e+00
   8.1400000000000006e+00
   8.1600000000000001e+00
   8.1799999999999997e+00
   8.1999999999999993e+00
   8.2200000000000006e+00
   8.2400000000000002e+00
   8.2599999999999998e+00
   8.2799999999999994e+00
   8.3000000000000007e+00
   8.3200000000000003e+00
   8.3399999999999999e+00
   8.3599999999999994e+00
   8.3800000000000008e+00
   8.4000000000000004e+00
   8.4199999999999999e+00
   8.4399999999999995e+00
   8.4600000000000009e+00
   8.4800000000000004e+00
   8.5000000000000000e+00
   8.5199999999999996e+00
   8.5400000000000009e+00
   8.5600000000000005e+00
   8.5800000000000001e+00
   8.5999999999999996e+00
   8.6200000000000010e+00
   8.6400000000000006e+00
   8.6600000000000001e+00
   8.6799999999999997e+00
   8.7000000000000011e+00
   8.7200000000000006e+00
   8.7400000000000002e+00
   8.7599999999999998e+00
   8.7799999999999994e+00
   8.8000000000000007e+00
   8.8200000000000003e+00
   8.8399999999999999e+00
   8.8599999999999994e+00
   8.8800000000000008e+00
   8.9000000000000004e+00
   8.9199999999999999e+00
   8.9399999999999995e+00
   8.9600000000000009e+00
   8.9800000000000004e+00
   9.0000000000000000e+00
   9.0199999999999996e+00
   9.0400000000000009e+00
   9.0600000000000005e+00
   9.0800000000000001e+00
   9.0999999999999996e+00
   9.1200000000000010e+00
   9.1400000000000006e+00
   9.1600000000000001e+00
   9.1799999999999997e+00
   9.2000000000000011e+00
   9.2200000000000006e+00
   9.2400000000000002e+00
   9.2599999999999998e+00
   9.2799999999999994e+00
   9.3000000000000007e+00
   9.3200000000000003e+00
   9.3399999999999999e+00
   9.3599999999999994e+00
   9.3800000000000008e+00
   9.4000000000000004e+00
   9.4199999999999999e+00
   9.4399999999999995e+00
   9.4600000000000009e+00
   9.4800000000000004e+00
   9.5000000000000000e+00
   9.5199999999999996e+00
   9.5400000000000009e+00
   9.5600000000000005e+00
   9.5800000000000001e+00
   9.5999999999999996e+00
   9.6200000000000010e+00
   9.6400000000000006e+00
   9.6600000000000001e+00
   9.6799999999999997e+00
   9.7000000000000011e+00
   9.7200000000000006e+00
   9.7400000000000002e+00
   9.7599999999999998e+00
   9.7799999999999994e+00
   9.8000000000000007e+00
   9.8200000000000003e+00
   9.8399999999999999e+00
   9.8599999999999994e+00
   9.8800000000000008e+00
   9.9000000000000004e+00
   9.9199999999999999e+00
   9.9399999999999995e+00
   9.9600000000000009e+00
   9.9800000000000004e+00
   1.0000000000000000e+01
   1.0020000000000000e+01
   1.0040000000000001e+01
   1.0060000000000000e+01
   1.0080000000000000e+01
   1.0100000000000000e+01
   1.0120000000000001e+01
   1.0140000000000001e+01
   1.0160000000000000e+01
   1.0180000000000000e+01
   1.0200000000000001e+01
   1.0220000000000001e+01
   1.0240000000000000e+01
   1.0260000000000000e+01
   1.0279999999999999e+01
   1.0300000000000001e+01
   1.0320000000000000e+01
   1.0340000000000000e+01
   1.0359999999999999e+01
   1.0380000000000001e+01
   1.0400000000000000e+01
   1.0420000000000000e+01
   1.0440000000000000e+01
   1.0460000000000001e+01
   1.0480000000000000e+01
   1.0500000000000000e+01
   1.0520000000000000e+01
   1.0540000000000001e+01
   1.0560000000000000e+01
   1.0580000000000000e+01
   1.0600000000000000e+01
   1.0620000000000001e+01
   1.0640000000000001e+01
   1.0660000000000000e+01
   1.0680000000000000e+01
   1.0700000000000001e+01
   1.0720000000000001e+01
   1.0740000000000000e+01
   1.0760000000000000e+01
   1.0779999999999999e+01
   1.0800000000000001e+01
   1.0820000000000000e+01
   1.0840000000000000e+01
   1.0859999999999999e+01
   1.0880000000000001e+01
   1.0900000000000000e+01
   1.0920000000000000e+01
   1.0940000000000000e+01
   1.0960000000000001e+01
   1.0980000000000000e+01
   1.1000000000000000e+01
   1.1020000000000000e+01
   1.1040000000000001e+01
   1.1060000000000000e+01
   1.1080000000000000e+01
   1.1100000000000000e+01
   1.1120000000000001e+01
   1.1140000000000001e+01
   1.1160000000000000e+01
   1.1180000000000000e+01
   1.1200000000000001e+01
   1.1220000000000001e+01
   1.1240000000000000e+01
   1.1260000000000000e+01
   1.1279999999999999e+01
   1.1300000000000001e+01
   1.1320000000000000e+01
   1.1340000000000000e+01
   1.1359999999999999e+01
   1.1380000000000001e+01
   1.1400000000000000e+01
   1.1420000000000000e+01
   1.1440000000000000e+01
   1.1460000000000001e+01
   1.1480000000000000e+01
   1.1500000000000000e+01
   1.1520000000000000e+01
   1.1540000000000001e+01
   1.1560000000000000e+01
   1.1580000000000000e+01
   1.1600000000000000e+01
   1.1620000000000001e+01
   1.1640000000000001e+01
   1.1660000000000000e+01
   1.1680000000000000e+01
   1.1700000000000001e+01
   1.1720000000000001e+01
   1.1740000000000000e+01
   1.1760000000000000e+01
   1.1779999999999999e+01
   1.1800000000000001e+01
   1.1820000000000000e+01
   1.1840000000000000e+01
   1.1859999999999999e+01
   1.1880000000000001e+01
   1.1900000000000000e+01
   1.1920000000000000e+01
   1.1940000000000000e+01
   1.1960000000000001e+01
   1.1980000000000000e+01
   1.2000000000000000e+01
   1.2020000000000000e+01
   1.2040000000000001e+01
   1.2060000000000000e+01
   1.2080000000000000e+01
   1.2100000000000000e+01
   1.2120000000000001e+01
   1.2140000000000001e+01
   1.2160000000000000e+01
   1.2180000000000000e+01
   1.2200000000000001e+01
   1.2220000000000001e+01
   1.2240000000000000e+01
   1.2260000000000000e+01
   1.2280000000000001e+01
   1.2300000000000001e+01
   1.2320000000000000e+01
   1.2340000000000000e+01
   1.2359999999999999e+01
   1.2380000000000001e+01
   1.2400000000000000e+01
   1.2420000000000000e+01
   1.2440000000000000e+01
   1.2460000000000001e+01
   1.2480000000000000e+01
   1.2500000000000000e+01
   1.2520000000000000e+01
   1.2540000000000001e+01
   1.2560000000000000e+01
   1.2580000000000000e+01
   1.2600000000000000e+01
   1.2620000000000001e+01
   1.2640000000000001e+01
   1.2660000000000000e+01
   1.2680000000000000e+01
   1.2700000000000001e+01
   1.2720000000000001e+01
   1.2740000000000000e+01
   1.2760000000000000e+01
   1.2780000000000001e+01
   1.2800000000000001e+01
   1.2820000000000000e+01
   1.2840000000000000e+01
   1.2859999999999999e+01
   1.2880000000000001e+01
   1.2900000000000000e+01
   1.2920000000000000e+01
   1.2940000000000000e+01
   1.2960000000000001e+01
   1.2980000000000000e+01
   1.3000000000000000e+01
   1.3020000000000000e+01
   1.3040000000000001e+01
   1.3060000000000000e+01
   1.3080000000000000e+01
   1.3100000000000000e+01
   1.3120000000000001e+01
   1.3140000000000001e+01
   1.3160000000000000e+01
   1.3180000000000000e+01
   1.3200000000000001e+01
   1.3220000000000001e+01
   1.3240000000000000e+01
   1.3260000000000000e+01
   1.3280000000000001e+01
   1.3300000000000001e+01
   1.3320000000000000e+01
   1.3340000000000000e+01
   1.3359999999999999e+01
   1.3380000000000001e+01
   1.3400000000000000e+01
   1.3420000000000000e+01
   1.3440000000000000e+01
   1.3460000000000001e+01
   1.3480000000000000e+01
   1.3500000000000000e+01
   1.3520000000000000e+01
   1.3540000000000001e+01
   1.3560000000000000e+01
   1.3580000000000000e+01
   1.3600000000000000e+01
   1.3620000000000001e+01
   1.3640000000000001e+01
   1.3660000000000000e+01
   1.3680000000000000e+01
   1.3700000000000001e+01
   1.3720000000000001e+01
   1.3740000000000000e+01
   1.3760000000000000e+01
   1.3780000000000001e+01
   1.3800000000000001e+01
   1.3820000000000000e+01
   1.3840000000000000e+01
   1.3859999999999999e+01
   1.3880000000000001e+01
   1.3900000000000000e+01
   1.3920000000000000e+01
   1.3940000000000000e+01
   1.3960000000000001e+01
   1.3980000000000000e+01
   1.4000000000000000e+01
   1.4020000000000000e+01
   1.4040000000000001e+01
   1.4060000000000000e+01
   1.4080000000000000e+01
   1.4100000000000000e+01
   1.4120000000000001e+01
   1.4140000000000001e+01
   1.4160000000000000e+01
   1.4180000000000000e+01
   1.4200000000000001e+01
   1.4220000000000001e+01
   1.4240000000000000e+01
   1.4260000000000000e+01
   1.4280000000000001e+01
   1.4300000000000001e+01
   1.4320000000000000e+01
   1.4340000000000000e+01
   1.4359999999999999e+01
   1.4380000000000001e+01
   1.4400000000000000e+01
   1.4420000000000000e+01
   1.4440000000000000e+01
   1.4460000000000001e+01
   1.4480000000000000e+01
   1.4500000000000000e+01
   1.4520000000000000e+01
   1.4540000000000001e+01
   1.4560000000000000e+01
   1.4580000000000000e+01
   1.4600000000000000e+01
   1.4620000000000001e+01
   1.4640000000000001e+01
   1.4660000000000000e+01
   1.4680000000000000e+01
   1.4700000000000001e+01
   1.4720000000000001e+01
   1.4740000000000000e+01
   1.4760000000000000e+01
   1.4780000000000001e+01
   1.4800000000000001e+01
   1.4820000000000000e+01
   1.4840000000000000e+01
   1.4859999999999999e+01
   1.4880000000000001e+01
   1.4900000000000000e+01
   1.4920000000000000e+01
   1.4940000000000000e+01
   1.4960000000000001e+01
   1.4980000000000000e+01
   1.5000000000000000e+01
   1.5020000000000000e+01
   1.5040000000000001e+01
   1.5060000000000000e+01
   1.5080000000000000e+01
   1.5100000000000000e+01
   1.5120000000000001e+01
   1.5140000000000001e+01
   1.5160000000000000e+01
   1.5180000000000000e+01
   1.5200000000000001e+01
   1.5220000000000001e+01
   1.5240000000000000e+01
   1.5260000000000000e+01
   1.5280000000000001e+01
   1.5300000000000001e+01
   1.5320000000000000e+01
   1.5340000000000000e+01
   1.5359999999999999e+01
   1.5380000000000001e+01
   1.5400000000000000e+01
   1.5420000000000000e+01
   1.5440000000000000e+01
   1.5460000000000001e+01
   1.5480000000000000e+01
   1.5500000000000000e+01
   1.5520000000000000e+01
   1.5540000000000001e+01
   1.5560000000000000e+01
   1.5580000000000000e+01
   1.5600000000000000e+01
   1.5620000000000001e+01
   1.5640000000000001e+01
   1.5660000000000000e+01
   1.5680000000000000e+01
   1.5700000000000001e+01
   1.5720000000000001e+01
   1.5740000000000000e+01
   1.5760000000000000e+01
   1.5780000000000001e+01
   1.5800000000000001e+01
   1.5820000000000000e+01
   1.5840000000000000e+01
   1.5860000000000001e+01
   1.5880000000000001e+01
   1.5900000000000000e+01
   1.5920000000000000e+01
   1.5940000000000000e+01
   1.5960000000000001e+01
   1.5980000000000000e+01
   1.6000000000000000e+01
   1.6020000000000000e+01
   1.6039999999999999e+01
   1.6059999999999999e+01
   1.6080000000000002e+01
   1.6100000000000001e+01
   1.6120000000000001e+01
   1.6140000000000001e+01
   1.6160000000000000e+01
   1.6180000000000000e+01
   1.6199999999999999e+01
   1.6219999999999999e+01
   1.6240000000000002e+01
   1.6260000000000002e+01
   1.6280000000000001e+01
   1.6300000000000001e+01
   1.6320000000000000e+01
   1.6340000000000000e+01
   1.6359999999999999e+01
   1.6379999999999999e+01
   1.6399999999999999e+01
   1.6420000000000002e+01
   1.6440000000000001e+01
   1.6460000000000001e+01
   1.6480000000000000e+01
   1.6500000000000000e+01
   1.6520000000000000e+01
   1.6539999999999999e+01
   1.6559999999999999e+01
   1.6580000000000002e+01
   1.6600000000000001e+01
   1.6620000000000001e+01
   1.6640000000000001e+01
   1.6660000000000000e+01
   1.6680000000000000e+01
   1.6699999999999999e+01
   1.6719999999999999e+01
   1.6740000000000002e+01
   1.6760000000000002e+01
   1.6780000000000001e+01
   1.6800000000000001e+01
   1.6820000000000000e+01
   1.6840000000000000e+01
   1.6859999999999999e+01
   1.6879999999999999e+01
   1.6899999999999999e+01
   1.6920000000000002e+01
   1.6940000000000001e+01
   1.6960000000000001e+01
   1.6980000000000000e+01
   1.7000000000000000e+01
   1.7020000000000000e+01
   1.7039999999999999e+01
   1.7059999999999999e+01
   1.7080000000000002e+01
   1.7100000000000001e+01
   1.7120000000000001e+01
   1.7140000000000001e+01
   1.7160000000000000e+01
   1.7180000000000000e+01
   1.7199999999999999e+01
   1.7219999999999999e+01
   1.7240000000000002e+01
   1.7260000000000002e+01
   1.7280000000000001e+01
   1.7300000000000001e+01
   1.7320000000000000e+01
   1.7340000000000000e+01
   1.7359999999999999e+01
   1.7379999999999999e+01
   1.7400000000000002e+01
   1.7420000000000002e+01
   1.7440000000000001e+01
   1.7460000000000001e+01
   1.7480000000000000e+01
   1.7500000000000000e+01
   1.7520000000000000e+01
   1.7539999999999999e+01
   1.7559999999999999e+01
   1.7580000000000002e+01
   1.7600000000000001e+01
   1.7620000000000001e+01
   1.7640000000000001e+01
   1.7660000000000000e+01
   1.7680000000000000e+01
   1.7699999999999999e+01
   1.7719999999999999e+01
   1.7740000000000002e+01
   1.7760000000000002e+01
   1.7780000000000001e+01
   1.7800000000000001e+01
   1.7820000000000000e+01
   1.7840000000000000e+01
   1.7859999999999999e+01
   1.7879999999999999e+01
   1.7900000000000002e+01
   1.7920000000000002e+01
   1.7940000000000001e+01
   1.7960000000000001e+01
   1.7980000000000000e+01
   1.8000000000000000e+01
   1.8020000000000000e+01
   1.8039999999999999e+01
   1.8059999999999999e+01
   1.8080000000000002e+01
   1.8100000000000001e+01
   1.8120000000000001e+01
   1.8140000000000001e+01
   1.8160000000000000e+01
   1.8180000000000000e+01
   1.8199999999999999e+01
   1.8219999999999999e+01
   1.8240000000000002e+01
   1.8260000000000002e+01
   1.8280000000000001e+01
   1.8300000000000001e+01
   1.8320000000000000e+01
   1.8340000000000000e+01
   1.8359999999999999e+01
   1.8379999999999999e+01
   1.8400000000000002e+01
   1.8420000000000002e+01
   1.8440000000000001e+01
   1.8460000000000001e+01
   1.8480000000000000e+01
   1.8500000000000000e+01
   1.8520000000000000e+01
   1.8539999999999999e+01
   1.8559999999999999e+01
   1.8580000000000002e+01
   1.8600000000000001e+01
   1.8620000000000001e+01
   1.8640000000000001e+01
   1.8660000000000000e+01
   1.8680000000000000e+01
   1.8699999999999999e+01
   1.8719999999999999e+01
   1.8740000000000002e+01
   1.8760000000000002e+01
   1.8780000000000001e+01
   1.8800000000000001e+01
   1.8820000000000000e+01
   1.8840000000000000e+01
   1.8859999999999999e+01
   1.8879999999999999e+01
   1.8900000000000002e+01
   1.8920000000000002e+01
   1.8940000000000001e+01
   1.8960000000000001e+01
   1.8980000000000000e+01
   1.9000000000000000e+01
   1.9020000000000000e+01
   1.9039999999999999e+01
   1.9059999999999999e+01
   1.9080000000000002e+01
   1.9100000000000001e+01
   1.9120000000000001e+01
   1.9140000000000001e+01
   1.9160000000000000e+01
   1.9180000000000000e+01
   1.9199999999999999e+01
   1.9219999999999999e+01
   1.9240000000000002e+01
   1.9260000000000002e+01
   1.9280000000000001e+01
   1.9300000000000001e+01
   1.9320000000000000e+01
   1.9340000000000000e+01
   1.9359999999999999e+01
   1.9379999999999999e+01
   1.9400000000000002e+01
   1.9420000000000002e+01
   1.9440000000000001e+01
   1.9460000000000001e+01
   1.9480000000000000e+01
   1.9500000000000000e+01
   1.9520000000000000e+01
   1.9539999999999999e+01
   1.9559999999999999e+01
   1.9580000000000002e+01
   1.9600000000000001e+01
   1.9620000000000001e+01
   1.9640000000000001e+01
   1.9660000000000000e+01
   1.9680000000000000e+01
   1.9699999999999999e+01
   1.9719999999999999e+01
   1.9740000000000002e+01
   1.9760000000000002e+01
   1.9780000000000001e+01
   1.9800000000000001e+01
   1.9820000000000000e+01
   1.9840000000000000e+01
   1.9859999999999999e+01
   1.9879999999999999e+01
   1.9900000000000002e+01
   1.9920000000000002e+01
   1.9940000000000001e+01
   1.9960000000000001e+01
   1.9980000000000000e+01
   2.0000000000000000e+01
   2.0020000000000000e+01
   2.0039999999999999e+01
   2.0059999999999999e+01
   2.0080000000000002e+01
   2.0100000000000001e+01
   2.0120000000000001e+01
   2.0140000000000001e+01
   2.0160000000000000e+01
   2.0180000000000000e+01
   2.0199999999999999e+01
   2.0219999999999999e+01
   2.0240000000000002e+01
   2.0260000000000002e+01
   2.0280000000000001e+01
   2.0300000000000001e+01
   2.0320000000000000e+01
   2.0340000000000000e+01
   2.0359999999999999e+01
   2.0379999999999999e+01
   2.0400000000000002e+01
   2.0420000000000002e+01
   2.0440000000000001e+01
   2.0460000000000001e+01
   2.0480000000000000e+01
   2.0500000000000000e+01
   2.0520000000000000e+01
   2.0539999999999999e+01
   2.0559999999999999e+01
   2.0580000000000002e+01
   2.0600000000000001e+01
   2.0620000000000001e+01
   2.0640000000000001e+01
   2.0660000000000000e+01
   2.0680000000000000e+01
   2.0699999999999999e+01
   2.0719999999999999e+01
   2.0740000000000002e+01
   2.0760000000000002e+01
   2.0780000000000001e+01
   2.0800000000000001e+01
   2.0820000000000000e+01
   2.0840000000000000e+01
   2.0859999999999999e+01
   2.0879999999999999e+01
   2.0900000000000002e+01
   2.0920000000000002e+01
   2.0940000000000001e+01
   2.0960000000000001e+01
   2.0980000000000000e+01
   2.1000000000000000e+01
   2.1020000000000000e+01
   2.1039999999999999e+01
   2.1059999999999999e+01
   2.1080000000000002e+01
   2.1100000000000001e+01
   2.1120000000000001e+01
   2.1140000000000001e+01
   2.1160000000000000e+01
   2.1180000000000000e+01
   2.1199999999999999e+01
   2.1219999999999999e+01
   2.1240000000000002e+01
   2.1260000000000002e+01
   2.1280000000000001e+01
   2.1300000000000001e+01
   2.1320000000000000e+01
   2.1340000000000000e+01
   2.1359999999999999e+01
   2.1379999999999999e+01
   2.1400000000000002e+01
   2.1420000000000002e+01
   2.1440000000000001e+01
   2.1460000000000001e+01
   2.1480000000000000e+01
   2.1500000000000000e+01
   2.1520000000000000e+01
   2.1539999999999999e+01
   2.1559999999999999e+01
   2.1580000000000002e+01
   2.1600000000000001e+01
   2.1620000000000001e+01
   2.1640000000000001e+01
   2.1660000000000000e+01
   2.1680000000000000e+01
   2.1699999999999999e+01
   2.1719999999999999e+01
   2.1740000000000002e+01
   2.1760000000000002e+01
   2.1780000000000001e+01
   2.1800000000000001e+01
   2.1820000000000000e+01
   2.1840000000000000e+01
   2.1859999999999999e+01
   2.1879999999999999e+01
   2.1900000000000002e+01
   2.1920000000000002e+01
   2.1940000000000001e+01
   2.1960000000000001e+01
   2.1980000000000000e+01
   2.2000000000000000e+01
   2.2020000000000000e+01
   2.2039999999999999e+01
   2.2059999999999999e+01
   2.2080000000000002e+01
   2.2100000000000001e+01
   2.2120000000000001e+01
   2.2140000000000001e+01
   2.2160000000000000e+01
   2.2180000000000000e+01
   2.2199999999999999e+01
   2.2219999999999999e+01
   2.2240000000000002e+01
   2.2260000000000002e+01
   2.2280000000000001e+01
   2.2300000000000001e+01
   2.2320000000000000e+01
   2.2340000000000000e+01
   2.2359999999999999e+01
   2.2379999999999999e+01
   2.2400000000000002e+01
   2.2420000000000002e+01
   2.2440000000000001e+01
   2.2460000000000001e+01
   2.2480000000000000e+01
   2.2500000000000000e+01
   2.2520000000000000e+01
   2.2539999999999999e+01
   2.2559999999999999e+01
   2.2580000000000002e+01
   2.2600000000000001e+01
   2.2620000000000001e+01
   2.2640000000000001e+01
   2.2660000000000000e+01
   2.2680000000000000e+01
   2.2699999999999999e+01
   2.2719999999999999e+01
   2.2740000000000002e+01
   2.2760000000000002e+01
   2.2780000000000001e+01
   2.2800000000000001e+01
   2.2820000000000000e+01
   2.2840000000000000e+01
   2.2859999999999999e+01
   2.2879999999999999e+01
   2.2900000000000002e+01
   2.2920000000000002e+01
   2.2940000000000001e+01
   2.2960000000000001e+01
   2.2980000000000000e+01
   2.3000000000000000e+01
   2.3020000000000000e+01
   2.3039999999999999e+01
   2.3059999999999999e+01
   2.3080000000000002e+01
   2.3100000000000001e+01
   2.3120000000000001e+01
   2.3140000000000001e+01
   2.3160000000000000e+01
   2.3180000000000000e+01
   2.3199999999999999e+01
   2.3219999999999999e+01
   2.3240000000000002e+01
   2.3260000000000002e+01
   2.3280000000000001e+01
   2.3300000000000001e+01
   2.3320000000000000e+01
   2.3340000000000000e+01
   2.3359999999999999e+01
   2.3379999999999999e+01
   2.3400000000000002e+01
   2.3420000000000002e+01
   2.3440000000000001e+01
   2.3460000000000001e+01
   2.3480000000000000e+01
   2.3500000000000000e+01
   2.3520000000000000e+01
   2.3539999999999999e+01
   2.3559999999999999e+01
   2.3580000000000002e+01
   2.3600000000000001e+01
   2.3620000000000001e+01
   2.3640000000000001e+01
   2.3660000000000000e+01
   2.3680000000000000e+01
   2.3699999999999999e+01
   2.3719999999999999e+01
   2.3740000000000002e+01
   2.3760000000000002e+01
   2.3780000000000001e+01
   2.3800000000000001e+01
   2.3820000000000000e+01
   2.3840000000000000e+01
   2.3859999999999999e+01
   2.3879999999999999e+01
   2.3900000000000002e+01
   2.3920000000000002e+01
   2.3940000000000001e+01
   2.3960000000000001e+01
   2.3980000000000000e+01
   2.4000000000000000e+01
   2.4020000000000000e+01
   2.4039999999999999e+01
   2.4060000000000002e+01
   2.4080000000000002e+01
   2.4100000000000001e+01
   2.4120000000000001e+01
   2.4140000000000001e+01
   2.4160000000000000e+01
   2.4180000000000000e+01
   2.4199999999999999e+01
   2.4219999999999999e+01
   2.4240000000000002e+01
   2.4260000000000002e+01
   2.4280000000000001e+01
   2.4300000000000001e+01
   2.4320000000000000e+01
   2.4340000000000000e+01
   2.4359999999999999e+01
   2.4379999999999999e+01
   2.4400000000000002e+01
   2.4420000000000002e+01
   2.4440000000000001e+01
   2.4460000000000001e+01
   2.4480000000000000e+01
   2.4500000000000000e+01
   2.4520000000000000e+01
   2.4539999999999999e+01
   2.4560000000000002e+01
   2.4580000000000002e+01
   2.4600000000000001e+01
   2.4620000000000001e+01
   2.4640000000000001e+01
   2.4660000000000000e+01
   2.4680000000000000e+01
   2.4699999999999999e+01
   2.4719999999999999e+01
   2.4740000000000002e+01
   2.4760000000000002e+01
   2.4780000000000001e+01
   2.4800000000000001e+01
   2.4820000000000000e+01
   2.4840000000000000e+01
   2.4859999999999999e+01
   2.4879999999999999e+01
   2.4900000000000002e+01
   2.4920000000000002e+01
   2.4940000000000001e+01
   2.4960000000000001e+01
   2.4980000000000000e+01
   2.5000000000000000e+01
   2.5020000000000000e+01
   2.5039999999999999e+01
   2.5060000000000002e+01
   2.5080000000000002e+01
   2.5100000000000001e+01
   2.5120000000000001e+01
   2.5140000000000001e+01
   2.5160000000000000e+01
   2.5180000000000000e+01
   2.5199999999999999e+01
   2.5219999999999999e+01
   2.5240000000000002e+01
   2.5260000000000002e+01
   2.5280000000000001e+01
   2.5300000000000001e+01
   2.5320000000000000e+01
   2.5340000000000000e+01
   2.5359999999999999e+01
   2.5379999999999999e+01
   2.5400000000000002e+01
   2.5420000000000002e+01
   2.5440000000000001e+01
   2.5460000000000001e+01
   2.5480000000000000e+01
   2.5500000000000000e+01
   2.5520000000000000e+01
   2.5539999999999999e+01
   2.5560000000000002e+01
   2.5580000000000002e+01
   2.5600000000000001e+01
   2.5620000000000001e+01
   2.5640000000000001e+01
   2.5660000000000000e+01
   2.5680000000000000e+01
   2.5699999999999999e+01
   2.5719999999999999e+01
   2.5740000000000002e+01
   2.5760000000000002e+01
   2.5780000000000001e+01
   2.5800000000000001e+01
   2.5820000000000000e+01
   2.5840000000000000e+01
   2.5859999999999999e+01
   2.5879999999999999e+01
   2.5900000000000002e+01
   2.5920000000000002e+01
   2.5940000000000001e+01
   2.5960000000000001e+01
   2.5980000000000000e+01
   2.6000000000000000e+01
   2.6020000000000000e+01
   2.6039999999999999e+01
   2.6060000000000002e+01
   2.6080000000000002e+01
   2.6100000000000001e+01
   2.6120000000000001e+01
   2.6140000000000001e+01
   2.6160000000000000e+01
   2.6180000000000000e+01
   2.6199999999999999e+01
   2.6219999999999999e+01
   2.6240000000000002e+01
   2.6260000000000002e+01
   2.6280000000000001e+01
   2.6300000000000001e+01
   2.6320000000000000e+01
   2.6340000000000000e+01
   2.6359999999999999e+01
   2.6379999999999999e+01
   2.6400000000000002e+01
   2.6420000000000002e+01
   2.6440000000000001e+01
   2.6460000000000001e+01
   2.6480000000000000e+01
   2.6500000000000000e+01
   2.6520000000000000e+01
   2.6539999999999999e+01
   2.6560000000000002e+01
   2.6580000000000002e+01
   2.6600000000000001e+01
   2.6620000000000001e+01
   2.6640000000000001e+01
   2.6660000000000000e+01
   2.6680000000000000e+01
   2.6699999999999999e+01
   2.6719999999999999e+01
   2.6740000000000002e+01
   2.6760000000000002e+01
   2.6780000000000001e+01
   2.6800000000000001e+01
   2.6820000000000000e+01
   2.6840000000000000e+01
   2.6859999999999999e+01
   2.6879999999999999e+01
   2.6900000000000002e+01
   2.6920000000000002e+01
   2.6940000000000001e+01
   2.6960000000000001e+01
   2.6980000000000000e+01
   2.7000000000000000e+01
   2.7020000000000000e+01
   2.7039999999999999e+01
   2.7060000000000002e+01
   2.7080000000000002e+01
   2.7100000000000001e+01
   2.7120000000000001e+01
   2.7140000000000001e+01
   2.7160000000000000e+01
   2.7180000000000000e+01
   2.7199999999999999e+01
   2.7219999999999999e+01
   2.7240000000000002e+01
   2.7260000000000002e+01
   2.7280000000000001e+01
   2.7300000000000001e+01
   2.7320000000000000e+01
   2.7340000000000000e+01
   2.7359999999999999e+01
   2.7379999999999999e+01
   2.7400000000000002e+01
   2.7420000000000002e+01
   2.7440000000000001e+01
   2.7460000000000001e+01
   2.7480000000000000e+01
   2.7500000000000000e+01
   2.7520000000000000e+01
   2.7539999999999999e+01
   2.7560000000000002e+01
   2.7580000000000002e+01
   2.7600000000000001e+01
   2.7620000000000001e+01
   2.7640000000000001e+01
   2.7660000000000000e+01
   2.7680000000000000e+01
   2.7699999999999999e+01
   2.7719999999999999e+01
   2.7740000000000002e+01
   2.7760000000000002e+01
   2.7780000000000001e+01
   2.7800000000000001e+01
   2.7820000000000000e+01
   2.7840000000000000e+01
   2.7859999999999999e+01
   2.7879999999999999e+01
   2.7900000000000002e+01
   2.7920000000000002e+01
   2.7940000000000001e+01
   2.7960000000000001e+01
   2.7980000000000000e+01
   2.8000000000000000e+01
   2.8020000000000000e+01
   2.8039999999999999e+01
   2.8060000000000002e+01
   2.8080000000000002e+01
   2.8100000000000001e+01
   2.8120000000000001e+01
   2.8140000000000001e+01
   2.8160000000000000e+01
   2.8180000000000000e+01
   2.8199999999999999e+01
   2.8219999999999999e+01
   2.8240000000000002e+01
   2.8260000000000002e+01
   2.8280000000000001e+01
   2.8300000000000001e+01
   2.8320000000000000e+01
   2.8340000000000000e+01
   2.8359999999999999e+01
   2.8379999999999999e+01
   2.8400000000000002e+01
   2.8420000000000002e+01
   2.8440000000000001e+01
   2.8460000000000001e+01
   2.8480000000000000e+01
   2.8500000000000000e+01
   2.8520000000000000e+01
   2.8539999999999999e+01
   2.8560000000000002e+01
   2.8580000000000002e+01
   2.8600000000000001e+01
   2.8620000000000001e+01
   2.8640000000000001e+01
   2.8660000000000000e+01
   2.8680000000000000e+01
   2.8699999999999999e+01
   2.8719999999999999e+01
   2.8740000000000002e+01
   2.8760000000000002e+01
   2.8780000000000001e+01
   2.8800000000000001e+01
   2.8820000000000000e+01
   2.8840000000000000e+01
   2.8859999999999999e+01
   2.8879999999999999e+01
   2.8900000000000002e+01
   2.8920000000000002e+01
   2.8940000000000001e+01
   2.8960000000000001e+01
   2.8980000000000000e+01
   2.9000000000000000e+01
   2.9020000000000000e+01
   2.9039999999999999e+01
   2.9060000000000002e+01
   2.9080000000000002e+01
   2.9100000000000001e+01
   2.9120000000000001e+01
   2.9140000000000001e+01
   2.9160000000000000e+01
   2.9180000000000000e+01
   2.9199999999999999e+01
   2.9219999999999999e+01
   2.9240000000000002e+01
   2.9260000000000002e+01
   2.9280000000000001e+01
   2.9300000000000001e+01
   2.9320000000000000e+01
   2.9340000000000000e+01
   2.9359999999999999e+01
   2.9379999999999999e+01
   2.9400000000000002e+01
   2.9420000000000002e+01
   2.9440000000000001e+01
   2.9460000000000001e+01
   2.9480000000000000e+01
   2.9500000000000000e+01
   2.9520000000000000e+01
   2.9539999999999999e+01
   2.9560000000000002e+01
   2.9580000000000002e+01
   2.9600000000000001e+01
   2.9620000000000001e+01
   2.9640000000000001e+01
   2.9660000000000000e+01
   2.9680000000000000e+01
   2.9699999999999999e+01
   2.9719999999999999e+01
   2.9740000000000002e+01
   2.9760000000000002e+01
   2.9780000000000001e+01
   2.9800000000000001e+01
   2.9820000000000000e+01
   2.9840000000000000e+01
   2.9859999999999999e+01
   2.9879999999999999e+01
   2.9900000000000002e+01
   2.9920000000000002e+01
   2.9940000000000001e+01
   2.9960000000000001e+01
   2.9980000000000000e+01
   3.0000000000000000e+01
   3.0020000000000000e+01
   3.0039999999999999e+01
   3.0060000000000002e+01
   3.0080000000000002e+01
   3.0100000000000001e+01
   3.0120000000000001e+01
   3.0140000000000001e+01
   3.0160000000000000e+01
   3.0180000000000000e+01
   3.0199999999999999e+01
   3.0219999999999999e+01
   3.0240000000000002e+01
   3.0260000000000002e+01
   3.0280000000000001e+01
   3.0300000000000001e+01
   3.0320000000000000e+01
   3.0340000000000000e+01
   3.0359999999999999e+01
   3.0379999999999999e+01
   3.0400000000000002e+01
   3.0420000000000002e+01
   3.0440000000000001e+01
   3.0460000000000001e+01
   3.0480000000000000e+01
   3.0500000000000000e+01
   3.0520000000000000e+01
   3.0539999999999999e+01
   3.0560000000000002e+01
   3.0580000000000002e+01
   3.0600000000000001e+01
   3.0620000000000001e+01
   3.0640000000000001e+01
   3.0660000000000000e+01
   3.0680000000000000e+01
   3.0699999999999999e+01
   3.0719999999999999e+01
   3.0740000000000002e+01
   3.0760000000000002e+01
   3.0780000000000001e+01
   3.0800000000000001e+01
   3.0820000000000000e+01
   3.0840000000000000e+01
   3.0859999999999999e+01
   3.0879999999999999e+01
   3.0900000000000002e+01
   3.0920000000000002e+01
   3.0940000000000001e+01
   3.0960000000000001e+01
   3.0980000000000000e+01
   3.1000000000000000e+01
   3.1020000000000000e+01
   3.1039999999999999e+01
   3.1060000000000002e+01
   3.1080000000000002e+01
   3.1100000000000001e+01
   3.1120000000000001e+01
   3.1140000000000001e+01
   3.1160000000000000e+01
   3.1180000000000000e+01
   3.1199999999999999e+01
   3.1220000000000002e+01
   3.1240000000000002e+01
   3.1260000000000002e+01
   3.1280000000000001e+01
   3.1300000000000001e+01
   3.1320000000000000e+01
   3.1340000000000000e+01
   3.1359999999999999e+01
   3.1379999999999999e+01
   3.1400000000000002e+01
   3.1420000000000002e+01
   3.1440000000000001e+01
   3.1460000000000001e+01
   3.1480000000000000e+01
   3.1500000000000000e+01
   3.1520000000000000e+01
   3.1539999999999999e+01
   3.1560000000000002e+01
   3.1580000000000002e+01
   3.1600000000000001e+01
   3.1620000000000001e+01
   3.1640000000000001e+01
   3.1660000000000000e+01
   3.1680000000000000e+01
   3.1699999999999999e+01
   3.1720000000000002e+01
   3.1740000000000002e+01
   3.1760000000000002e+01
   3.1780000000000001e+01
   3.1800000000000001e+01
   3.1820000000000000e+01
   3.1840000000000000e+01
   3.1859999999999999e+01
   3.1879999999999999e+01
   3.1900000000000002e+01
   3.1920000000000002e+01
   3.1940000000000001e+01
   3.1960000000000001e+01
   3.1980000000000000e+01
   3.2000000000000000e+01
   3.2020000000000003e+01
   3.2039999999999999e+01
   3.2060000000000002e+01
   3.2079999999999998e+01
   3.2100000000000001e+01
   3.2119999999999997e+01
   3.2140000000000001e+01
   3.2160000000000004e+01
   3.2180000000000000e+01
   3.2200000000000003e+01
   3.2219999999999999e+01
   3.2240000000000002e+01
   3.2259999999999998e+01
   3.2280000000000001e+01
   3.2299999999999997e+01
   3.2320000000000000e+01
   3.2340000000000003e+01
   3.2359999999999999e+01
   3.2380000000000003e+01
   3.2399999999999999e+01
   3.2420000000000002e+01
   3.2439999999999998e+01
   3.2460000000000001e+01
   3.2480000000000004e+01
   3.2500000000000000e+01
   3.2520000000000003e+01
   3.2539999999999999e+01
   3.2560000000000002e+01
   3.2579999999999998e+01
   3.2600000000000001e+01
   3.2619999999999997e+01
   3.2640000000000001e+01
   3.2660000000000004e+01
   3.2680000000000000e+01
   3.2700000000000003e+01
   3.2719999999999999e+01
   3.2740000000000002e+01
   3.2759999999999998e+01
   3.2780000000000001e+01
   3.2799999999999997e+01
   3.2820000000000000e+01
   3.2840000000000003e+01
   3.2859999999999999e+01
   3.2880000000000003e+01
   3.2899999999999999e+01
   3.2920000000000002e+01
   3.2939999999999998e+01
   3.2960000000000001e+01
   3.2980000000000004e+01
   3.3000000000000000e+01
   3.3020000000000003e+01
   3.3039999999999999e+01
   3.3060000000000002e+01
   3.3079999999999998e+01
   3.3100000000000001e+01
   3.3119999999999997e+01
   3.3140000000000001e+01
   3.3160000000000004e+01
   3.3180000000000000e+01
   3.3200000000000003e+01
   3.3219999999999999e+01
   3.3240000000000002e+01
   3.3259999999999998e+01
   3.3280000000000001e+01
   3.3299999999999997e+01
   3.3320000000000000e+01
   3.3340000000000003e+01
   3.3359999999999999e+01
   3.3380000000000003e+01
   3.3399999999999999e+01
   3.3420000000000002e+01
   3.3439999999999998e+01
   3.3460000000000001e+01
   3.3480000000000004e+01
   3.3500000000000000e+01
   3.3520000000000003e+01
   3.3539999999999999e+01
   3.3560000000000002e+01
   3.3579999999999998e+01
   3.3600000000000001e+01
   3.3619999999999997e+01
   3.3640000000000001e+01
   3.3660000000000004e+01
   3.3680000000000000e+01
   3.3700000000000003e+01
   3.3719999999999999e+01
   3.3740000000000002e+01
   3.3759999999999998e+01
   3.3780000000000001e+01
   3.3799999999999997e+01
   3.3820000000000000e+01
   3.3840000000000003e+01
   3.3859999999999999e+01
   3.3880000000000003e+01
   3.3899999999999999e+01
   3.3920000000000002e+01
   3.3939999999999998e+01
   3.3960000000000001e+01
   3.3980000000000004e+01
   3.4000000000000000e+01
   3.4020000000000003e+01
   3.4039999999999999e+01
   3.4060000000000002e+01
   3.4079999999999998e+01
   3.4100000000000001e+01
   3.4119999999999997e+01
   3.4140000000000001e+01
   3.4160000000000004e+01
   3.4180000000000000e+01
   3.4200000000000003e+01
   3.4219999999999999e+01
   3.4240000000000002e+01
   3.4259999999999998e+01
   3.4280000000000001e+01
   3.4300000000000004e+01
   3.4320000000000000e+01
   3.4340000000000003e+01
   3.4359999999999999e+01
   3.4380000000000003e+01
   3.4399999999999999e+01
   3.4420000000000002e+01
   3.4439999999999998e+01
   3.4460000000000001e+01
   3.4480000000000004e+01
   3.4500000000000000e+01
   3.4520000000000003e+01
   3.4539999999999999e+01
   3.4560000000000002e+01
   3.4579999999999998e+01
   3.4600000000000001e+01
   3.4619999999999997e+01
   3.4640000000000001e+01
   3.4660000000000004e+01
   3.4680000000000000e+01
   3.4700000000000003e+01
   3.4719999999999999e+01
   3.4740000000000002e+01
   3.4759999999999998e+01
   3.4780000000000001e+01
   3.4800000000000004e+01
   3.4820000000000000e+01
   3.4840000000000003e+01
   3.4859999999999999e+01
   3.4880000000000003e+01
   3.4899999999999999e+01
   3.4920000000000002e+01
   3.4939999999999998e+01
   3.4960000000000001e+01
   3.4980000000000004e+01
   3.5000000000000000e+01
   3.5020000000000003e+01
   3.5039999999999999e+01
   3.5060000000000002e+01
   3.5079999999999998e+01
   3.5100000000000001e+01
   3.5119999999999997e+01
   3.5140000000000001e+01
   3.5160000000000004e+01
   3.5180000000000000e+01
   3.5200000000000003e+01
   3.5219999999999999e+01
   3.5240000000000002e+01
   3.5259999999999998e+01
   3.5280000000000001e+01
   3.5300000000000004e+01
   3.5320000000000000e+01
   3.5340000000000003e+01
   3.5359999999999999e+01
   3.5380000000000003e+01
   3.5399999999999999e+01
   3.5420000000000002e+01
   3.5439999999999998e+01
   3.5460000000000001e+01
   3.5480000000000004e+01
   3.5500000000000000e+01
   3.5520000000000003e+01
   3.5539999999999999e+01
   3.5560000000000002e+01
   3.5579999999999998e+01
   3.5600000000000001e+01
   3.5619999999999997e+01
   3.5640000000000001e+01
   3.5660000000000004e+01
   3.5680000000000000e+01
   3.5700000000000003e+01
   3.5719999999999999e+01
   3.5740000000000002e+01
   3.5759999999999998e+01
   3.5780000000000001e+01
   3.5800000000000004e+01
   3.5820000000000000e+01
   3.5840000000000003e+01
   3.5859999999999999e+01
   3.5880000000000003e+01
   3.5899999999999999e+01
   3.5920000000000002e+01
   3.5939999999999998e+01
   3.5960000000000001e+01
   3.5980000000000004e+01
   3.6000000000000000e+01
   3.6020000000000003e+01
   3.6039999999999999e+01
   3.6060000000000002e+01
   3.6079999999999998e+01
   3.6100000000000001e+01
   3.6119999999999997e+01
   3.6140000000000001e+01
   3.6160000000000004e+01
   3.6180000000000000e+01
   3.6200000000000003e+01
   3.6219999999999999e+01
   3.6240000000000002e+01
   3.6259999999999998e+01
   3.6280000000000001e+01
   3.6300000000000004e+01
   3.6320000000000000e+01
   3.6340000000000003e+01
   3.6359999999999999e+01
   3.6380000000000003e+01
   3.6399999999999999e+01
   3.6420000000000002e+01
   3.6439999999999998e+01
   3.6460000000000001e+01
   3.6480000000000004e+01
   3.6500000000000000e+01
   3.6520000000000003e+01
   3.6539999999999999e+01
   3.6560000000000002e+01
   3.6579999999999998e+01
   3.6600000000000001e+01
   3.6619999999999997e+01
   3.6640000000000001e+01
   3.6660000000000004e+01
   3.6680000000000000e+01
   3.6700000000000003e+01
   3.6719999999999999e+01
   3.6740000000000002e+01
   3.6759999999999998e+01
   3.6780000000000001e+01
   3.6800000000000004e+01
   3.6820000000000000e+01
   3.6840000000000003e+01
   3.6859999999999999e+01
   3.6880000000000003e+01
   3.6899999999999999e+01
   3.6920000000000002e+01
   3.6939999999999998e+01
   3.6960000000000001e+01
   3.6980000000000004e+01
   3.7000000000000000e+01
   3.7020000000000003e+01
   3.7039999999999999e+01
   3.7060000000000002e+01
   3.7079999999999998e+01
   3.7100000000000001e+01
   3.7119999999999997e+01
   3.7140000000000001e+01
   3.7160000000000004e+01
   3.7180000000000000e+01
   3.7200000000000003e+01
   3.7219999999999999e+01
   3.7240000000000002e+01
   3.7259999999999998e+01
   3.7280000000000001e+01
   3.7300000000000004e+01
   3.7320000000000000e+01
   3.7340000000000003e+01
   3.7359999999999999e+01
   3.7380000000000003e+01
   3.7399999999999999e+01
   3.7420000000000002e+01
   3.7439999999999998e+01
   3.7460000000000001e+01
   3.7480000000000004e+01
   3.7500000000000000e+01
   3.7520000000000003e+01
   3.7539999999999999e+01
   3.7560000000000002e+01
   3.7579999999999998e+01
   3.7600000000000001e+01
   3.7619999999999997e+01
   3.7640000000000001e+01
   3.7660000000000004e+01
   3.7680000000000000e+01
   3.7700000000000003e+01
   3.7719999999999999e+01
   3.7740000000000002e+01
   3.7759999999999998e+01
   3.7780000000000001e+01
   3.7800000000000004e+01
   3.7820000000000000e+01
   3.7840000000000003e+01
   3.7859999999999999e+01
   3.7880000000000003e+01
   3.7899999999999999e+01
   3.7920000000000002e+01
   3.7939999999999998e+01
   3.7960000000000001e+01
   3.7980000000000004e+01
   3.8000000000000000e+01
   3.8020000000000003e+01
   3.8039999999999999e+01
   3.8060000000000002e+01
   3.8079999999999998e+01
   3.8100000000000001e+01
   3.8119999999999997e+01
   3.8140000000000001e+01
   3.8160000000000004e+01
   3.8180000000000000e+01
   3.8200000000000003e+01
   3.8219999999999999e+01
   3.8240000000000002e+01
   3.8259999999999998e+01
   3.8280000000000001e+01
   3.8300000000000004e+01
   3.8320000000000000e+01
   3.8340000000000003e+01
   3.8359999999999999e+01
   3.8380000000000003e+01
   3.8399999999999999e+01
   3.8420000000000002e+01
   3.8439999999999998e+01
   3.8460000000000001e+01
   3.8480000000000004e+01
   3.8500000000000000e+01
   3.8520000000000003e+01
   3.8539999999999999e+01
   3.8560000000000002e+01
   3.8579999999999998e+01
   3.8600000000000001e+01
   3.8619999999999997e+01
   3.8640000000000001e+01
   3.8660000000000004e+01
   3.8680000000000000e+01
   3.8700000000000003e+01
   3.8719999999999999e+01
   3.8740000000000002e+01
   3.8759999999999998e+01
   3.8780000000000001e+01
   3.8800000000000004e+01
   3.8820000000000000e+01
   3.8840000000000003e+01
   3.8859999999999999e+01
   3.8880000000000003e+01
   3.8899999999999999e+01
   3.8920000000000002e+01
   3.8939999999999998e+01
   3.8960000000000001e+01
   3.8980000000000004e+01
   3.9000000000000000e+01
   3.9020000000000003e+01
   3.9039999999999999e+01
   3.9060000000000002e+01
   3.9079999999999998e+01
   3.9100000000000001e+01
   3.9119999999999997e+01
   3.9140000000000001e+01
   3.9160000000000004e+01
   3.9180000000000000e+01
   3.9200000000000003e+01
   3.9219999999999999e+01
   3.9240000000000002e+01
   3.9259999999999998e+01
   3.9280000000000001e+01
   3.9300000000000004e+01
   3.9320000000000000e+01
   3.9340000000000003e+01
   3.9359999999999999e+01
   3.9380000000000003e+01
   3.9399999999999999e+01
   3.9420000000000002e+01
   3.9439999999999998e+01
   3.9460000000000001e+01
   3.9480000000000004e+01
   3.9500000000000000e+01
   3.9520000000000003e+01
   3.9539999999999999e+01
   3.9560000000000002e+01
   3.9579999999999998e+01
   3.9600000000000001e+01
   3.9619999999999997e+01
   3.9640000000000001e+01
   3.9660000000000004e+01
   3.9680000000000000e+01
   3.9700000000000003e+01
   3.9719999999999999e+01
   3.9740000000000002e+01
   3.9759999999999998e+01
   3.9780000000000001e+01
   3.9800000000000004e+01
   3.9820000000000000e+01
   3.9840000000000003e+01
   3.9859999999999999e+01
   3.9880000000000003e+01
   3.9899999999999999e+01
   3.9920000000000002e+01
   3.9939999999999998e+01
   3.9960000000000001e+01
   3.9980000000000004e+01
   4.0000000000000000e+01
   4.0020000000000003e+01
   4.0039999999999999e+01
   4.0060000000000002e+01
   4.0079999999999998e+01
   4.0100000000000001e+01
   4.0119999999999997e+01
   4.0140000000000001e+01
   4.0160000000000004e+01
   4.0180000000000000e+01
   4.0200000000000003e+01
   4.0219999999999999e+01
   4.0240000000000002e+01
   4.0259999999999998e+01
   4.0280000000000001e+01
   4.0300000000000004e+01
   4.0320000000000000e+01
   4.0340000000000003e+01
   4.0359999999999999e+01
   4.0380000000000003e+01
   4.0399999999999999e+01
   4.0420000000000002e+01
   4.0439999999999998e+01
   4.0460000000000001e+01
   4.0480000000000004e+01
   4.0500000000000000e+01
   4.0520000000000003e+01
   4.0539999999999999e+01
   4.0560000000000002e+01
   4.0579999999999998e+01
   4.0600000000000001e+01
   4.0619999999999997e+01
   4.0640000000000001e+01
   4.0660000000000004e+01
   4.0680000000000000e+01
   4.0700000000000003e+01
   4.0719999999999999e+01
   4.0740000000000002e+01
   4.0759999999999998e+01
   4.0780000000000001e+01
   4.0800000000000004e+01
   4.0820000000000000e+01
   4.0840000000000003e+01
   4.0859999999999999e+01
   4.0880000000000003e+01
   4.0899999999999999e+01
   4.0920000000000002e+01
   4.0939999999999998e+01
   4.0960000000000001e+01
   4.0980000000000004e+01
   4.1000000000000000e+01
   4.1020000000000003e+01
   4.1039999999999999e+01
   4.1060000000000002e+01
   4.1079999999999998e+01
   4.1100000000000001e+01
   4.1119999999999997e+01
   4.1140000000000001e+01
   4.1160000000000004e+01
   4.1180000000000000e+01
   4.1200000000000003e+01
   4.1219999999999999e+01
   4.1240000000000002e+01
   4.1259999999999998e+01
   4.1280000000000001e+01
   4.1300000000000004e+01
   4.1320000000000000e+01
   4.1340000000000003e+01
   4.1359999999999999e+01
   4.1380000000000003e+01
   4.1399999999999999e+01
   4.1420000000000002e+01
   4.1439999999999998e+01
   4.1460000000000001e+01
   4.1480000000000004e+01
   4.1500000000000000e+01
   4.1520000000000003e+01
   4.1539999999999999e+01
   4.1560000000000002e+01
   4.1579999999999998e+01
   4.1600000000000001e+01
   4.1619999999999997e+01
   4.1640000000000001e+01
   4.1660000000000004e+01
   4.1680000000000000e+01
   4.1700000000000003e+01
   4.1719999999999999e+01
   4.1740000000000002e+01
   4.1759999999999998e+01
   4.1780000000000001e+01
   4.1800000000000004e+01
   4.1820000000000000e+01
   4.1840000000000003e+01
   4.1859999999999999e+01
   4.1880000000000003e+01
   4.1899999999999999e+01
   4.1920000000000002e+01
   4.1939999999999998e+01
   4.1960000000000001e+01
   4.1980000000000004e+01
   4.2000000000000000e+01
   4.2020000000000003e+01
   4.2039999999999999e+01
   4.2060000000000002e+01
   4.2079999999999998e+01
   4.2100000000000001e+01
   4.2119999999999997e+01
   4.2140000000000001e+01
   4.2160000000000004e+01
   4.2180000000000000e+01
   4.2200000000000003e+01
   4.2219999999999999e+01
   4.2240000000000002e+01
   4.2259999999999998e+01
   4.2280000000000001e+01
   4.2300000000000004e+01
   4.2320000000000000e+01
   4.2340000000000003e+01
   4.2359999999999999e+01
   4.2380000000000003e+01
   4.2399999999999999e+01
   4.2420000000000002e+01
   4.2439999999999998e+01
   4.2460000000000001e+01
   4.2480000000000004e+01
   4.2500000000000000e+01
   4.2520000000000003e+01
   4.2539999999999999e+01
   4.2560000000000002e+01
   4.2579999999999998e+01
   4.2600000000000001e+01
   4.2619999999999997e+01
   4.2640000000000001e+01
   4.2660000000000004e+01
   4.2680000000000000e+01
   4.2700000000000003e+01
   4.2719999999999999e+01
   4.2740000000000002e+01
   4.2759999999999998e+01
   4.2780000000000001e+01
   4.2800000000000004e+01
   4.2820000000000000e+01
   4.2840000000000003e+01
   4.2859999999999999e+01
   4.2880000000000003e+01
   4.2899999999999999e+01
   4.2920000000000002e+01
   4.2939999999999998e+01
   4.2960000000000001e+01
   4.2980000000000004e+01
   4.3000000000000000e+01
   4.3020000000000003e+01
   4.3039999999999999e+01
   4.3060000000000002e+01
   4.3079999999999998e+01
   4.3100000000000001e+01
   4.3119999999999997e+01
   4.3140000000000001e+01
   4.3160000000000004e+01
   4.3180000000000000e+01
   4.3200000000000003e+01
   4.3219999999999999e+01
   4.3240000000000002e+01
   4.3259999999999998e+01
   4.3280000000000001e+01
   4.3300000000000004e+01
   4.3320000000000000e+01
   4.3340000000000003e+01
   4.3359999999999999e+01
   4.3380000000000003e+01
   4.3399999999999999e+01
   4.3420000000000002e+01
   4.3439999999999998e+01
   4.3460000000000001e+01
   4.3480000000000004e+01
   4.3500000000000000e+01
   4.3520000000000003e+01
   4.3539999999999999e+01
   4.3560000000000002e+01
   4.3579999999999998e+01
   4.3600000000000001e+01
   4.3619999999999997e+01
   4.3640000000000001e+01
   4.3660000000000004e+01
   4.3680000000000000e+01
   4.3700000000000003e+01
   4.3719999999999999e+01
   4.3740000000000002e+01
   4.3759999999999998e+01
   4.3780000000000001e+01
   4.3800000000000004e+01
   4.3820000000000000e+01
   4.3840000000000003e+01
   4.3859999999999999e+01
   4.3880000000000003e+01
   4.3899999999999999e+01
   4.3920000000000002e+01
   4.3939999999999998e+01
   4.3960000000000001e+01
   4.3980000000000004e+01
   4.4000000000000000e+01
   4.4020000000000003e+01
   4.4039999999999999e+01
   4.4060000000000002e+01
   4.4079999999999998e+01
   4.4100000000000001e+01
   4.4119999999999997e+01
   4.4140000000000001e+01
   4.4160000000000004e+01
   4.4180000000000000e+01
   4.4200000000000003e+01
   4.4219999999999999e+01
   4.4240000000000002e+01
   4.4259999999999998e+01
   4.4280000000000001e+01
   4.4300000000000004e+01
   4.4320000000000000e+01
   4.4340000000000003e+01
   4.4359999999999999e+01
   4.4380000000000003e+01
   4.4399999999999999e+01
   4.4420000000000002e+01
   4.4439999999999998e+01
   4.4460000000000001e+01
   4.4480000000000004e+01
   4.4500000000000000e+01
   4.4520000000000003e+01
   4.4539999999999999e+01
   4.4560000000000002e+01
   4.4579999999999998e+01
   4.4600000000000001e+01
   4.4619999999999997e+01
   4.4640000000000001e+01
   4.4660000000000004e+01
   4.4680000000000000e+01
   4.4700000000000003e+01
   4.4719999999999999e+01
   4.4740000000000002e+01
   4.4759999999999998e+01
   4.4780000000000001e+01
   4.4800000000000004e+01
   4.4820000000000000e+01
   4.4840000000000003e+01
   4.4859999999999999e+01
   4.4880000000000003e+01
   4.4899999999999999e+01
   4.4920000000000002e+01
   4.4939999999999998e+01
   4.4960000000000001e+01
   4.4980000000000004e+01
   4.5000000000000000e+01
   4.5020000000000003e+01
   4.5039999999999999e+01
   4.5060000000000002e+01
   4.5079999999999998e+01
   4.5100000000000001e+01
   4.5119999999999997e+01
   4.5140000000000001e+01
   4.5160000000000004e+01
   4.5180000000000000e+01
   4.5200000000000003e+01
   4.5219999999999999e+01
   4.5240000000000002e+01
   4.5259999999999998e+01
   4.5280000000000001e+01
   4.5300000000000004e+01
   4.5320000000000000e+01
   4.5340000000000003e+01
   4.5359999999999999e+01
   4.5380000000000003e+01
   4.5399999999999999e+01
   4.5420000000000002e+01
   4.5439999999999998e+01
   4.5460000000000001e+01
   4.5480000000000004e+01
   4.5500000000000000e+01
   4.5520000000000003e+01
   4.5539999999999999e+01
   4.5560000000000002e+01
   4.5579999999999998e+01
   4.5600000000000001e+01
   4.5619999999999997e+01
   4.5640000000000001e+01
   4.5660000000000004e+01
   4.5680000000000000e+01
   4.5700000000000003e+01
   4.5719999999999999e+01
   4.5740000000000002e+01
   4.5759999999999998e+01
   4.5780000000000001e+01
   4.5800000000000004e+01
   4.5820000000000000e+01
   4.5840000000000003e+01
   4.5859999999999999e+01
   4.5880000000000003e+01
   4.5899999999999999e+01
   4.5920000000000002e+01
   4.5939999999999998e+01
   4.5960000000000001e+01
   4.5980000000000004e+01
   4.6000000000000000e+01
   4.6020000000000003e+01
   4.6039999999999999e+01
   4.6060000000000002e+01
   4.6079999999999998e+01
   4.6100000000000001e+01
   4.6119999999999997e+01
   4.6140000000000001e+01
   4.6160000000000004e+01
   4.6180000000000000e+01
   4.6200000000000003e+01
   4.6219999999999999e+01
   4.6240000000000002e+01
   4.6259999999999998e+01
   4.6280000000000001e+01
   4.6300000000000004e+01
   4.6320000000000000e+01
   4.6340000000000003e+01
   4.6359999999999999e+01
   4.6380000000000003e+01
   4.6399999999999999e+01
   4.6420000000000002e+01
   4.6439999999999998e+01
   4.6460000000000001e+01
   4.6480000000000004e+01
   4.6500000000000000e+01
   4.6520000000000003e+01
   4.6539999999999999e+01
   4.6560000000000002e+01
   4.6579999999999998e+01
   4.6600000000000001e+01
   4.6619999999999997e+01
   4.6640000000000001e+01
   4.6660000000000004e+01
   4.6680000000000000e+01
   4.6700000000000003e+01
   4.6719999999999999e+01
   4.6740000000000002e+01
   4.6759999999999998e+01
   4.6780000000000001e+01
   4.6800000000000004e+01
   4.6820000000000000e+01
   4.6840000000000003e+01
   4.6859999999999999e+01
   4.6880000000000003e+01
   4.6899999999999999e+01
   4.6920000000000002e+01
   4.6939999999999998e+01
   4.6960000000000001e+01
   4.6980000000000004e+01
   4.7000000000000000e+01
   4.7020000000000003e+01
   4.7039999999999999e+01
   4.7060000000000002e+01
   4.7079999999999998e+01
   4.7100000000000001e+01
   4.7119999999999997e+01
   4.7140000000000001e+01
   4.7160000000000004e+01
   4.7180000000000000e+01
   4.7200000000000003e+01
   4.7219999999999999e+01
   4.7240000000000002e+01
   4.7259999999999998e+01
   4.7280000000000001e+01
   4.7300000000000004e+01
   4.7320000000000000e+01
   4.7340000000000003e+01
   4.7359999999999999e+01
   4.7380000000000003e+01
   4.7399999999999999e+01
   4.7420000000000002e+01
   4.7439999999999998e+01
   4.7460000000000001e+01
   4.7480000000000004e+01
   4.7500000000000000e+01
   4.7520000000000003e+01
   4.7539999999999999e+01
   4.7560000000000002e+01
   4.7579999999999998e+01
   4.7600000000000001e+01
   4.7619999999999997e+01
   4.7640000000000001e+01
   4.7660000000000004e+01
   4.7680000000000000e+01
   4.7700000000000003e+01
   4.7719999999999999e+01
   4.7740000000000002e+01
   4.7759999999999998e+01
   4.7780000000000001e+01
   4.7800000000000004e+01
   4.7820000000000000e+01
   4.7840000000000003e+01
   4.7859999999999999e+01
   4.7880000000000003e+01
   4.7899999999999999e+01
   4.7920000000000002e+01
   4.7939999999999998e+01
   4.7960000000000001e+01
   4.7980000000000004e+01
   4.8000000000000000e+01
   4.8020000000000003e+01
   4.8039999999999999e+01
   4.8060000000000002e+01
   4.8079999999999998e+01
   4.8100000000000001e+01
   4.8120000000000005e+01
   4.8140000000000001e+01
   4.8160000000000004e+01
   4.8180000000000000e+01
   4.8200000000000003e+01
   4.8219999999999999e+01
   4.8240000000000002e+01
   4.8259999999999998e+01
   4.8280000000000001e+01
   4.8300000000000004e+01
   4.8320000000000000e+01
   4.8340000000000003e+01
   4.8359999999999999e+01
   4.8380000000000003e+01
   4.8399999999999999e+01
   4.8420000000000002e+01
   4.8439999999999998e+01
   4.8460000000000001e+01
   4.8480000000000004e+01
   4.8500000000000000e+01
   4.8520000000000003e+01
   4.8539999999999999e+01
   4.8560000000000002e+01
   4.8579999999999998e+01
   4.8600000000000001e+01
   4.8620000000000005e+01
   4.8640000000000001e+01
   4.8660000000000004e+01
   4.8680000000000000e+01
   4.8700000000000003e+01
   4.8719999999999999e+01
   4.8740000000000002e+01
   4.8759999999999998e+01
   4.8780000000000001e+01
   4.8800000000000004e+01
   4.8820000000000000e+01
   4.8840000000000003e+01
   4.8859999999999999e+01
   4.8880000000000003e+01
   4.8899999999999999e+01
   4.8920000000000002e+01
   4.8939999999999998e+01
   4.8960000000000001e+01
   4.8980000000000004e+01
   4.9000000000000000e+01
   4.9020000000000003e+01
   4.9039999999999999e+01
   4.9060000000000002e+01
   4.9079999999999998e+01
   4.9100000000000001e+01
   4.9120000000000005e+01
   4.9140000000000001e+01
   4.9160000000000004e+01
   4.9180000000000000e+01
   4.9200000000000003e+01
   4.9219999999999999e+01
   4.9240000000000002e+01
   4.9259999999999998e+01
   4.9280000000000001e+01
   4.9300000000000004e+01
   4.9320000000000000e+01
   4.9340000000000003e+01
   4.9359999999999999e+01
   4.9380000000000003e+01
   4.9399999999999999e+01
   4.9420000000000002e+01
   4.9439999999999998e+01
   4.9460000000000001e+01
   4.9480000000000004e+01
   4.9500000000000000e+01
   4.9520000000000003e+01
   4.9539999999999999e+01
   4.9560000000000002e+01
   4.9579999999999998e+01
   4.9600000000000001e+01
   4.9620000000000005e+01
   4.9640000000000001e+01
   4.9660000000000004e+01
   4.9680000000000000e+01
   4.9700000000000003e+01
   4.9719999999999999e+01
   4.9740000000000002e+01
   4.9759999999999998e+01
   4.9780000000000001e+01
   4.9800000000000004e+01
   4.9820000000000000e+01
   4.9840000000000003e+01
   4.9859999999999999e+01
   4.9880000000000003e+01
   4.9899999999999999e+01
   4.9920000000000002e+01
   4.9939999999999998e+01
   4.9960000000000001e+01
   4.9980000000000004e+01
   5.0000000000000000e+01
   5.0020000000000003e+01
