   0.0000000000000000e+00
   0.0000000000000000e+00
   0.0000000000000000e+00
   0.0000000000000000e+00
   0.0000000000000000e+00
   0.0000000000000000e+00
   4.0345067280000002e+00
   3.0457732703999185e+00
  -4.3123553760014682e-01
  -1.9427334191984505e-01
   2.8699427231996139e-01
   3.7435452095994781e-01
  -2.3010340247985084e-01
  -2.6565482999995399e-01
   1.4216591087999766e+00
   3.8212761384000502e+00
   6.9082949039999990e+00
   2.9585407655996367e+00
  -2.8032902688000809e+00
  -4.3089511919942813e-01
   1.8453138647997100e+00
   3.4569863328001699e-01
   2.8253312975999689e+00
   2.4559804247998529e-01
  -2.1557966976001159e+00
  -4.7697293279998840e+00
  -1.0486602335996869e+00
   2.0655680472002858e+00
   2.0473999056001890e+00
   3.9066083279999995e+00
   3.2719045968000464e+00
   1.1367034055999998e+00
   1.5578307191999807e+00
   6.7142950560008496e-01
   2.8773160080002320e+00
   3.0587512871998181e+00
   1.6681517832003092e+00
   2.8159819631994742e+00
   1.8545244815999340e+00
   2.3182666920000115e+00
  -4.2935724719950150e-02
   1.5315385175999496e+00
   4.6624144560013525e-01
   2.7508832231999842e+00
   2.0366011848002858e+00
   4.5086968079997680e+00
  -1.0188197207997487e+00
  -2.8642278671999883e+00
  -3.9540968879999996e+00
   2.0282174640001238e+00
   2.9866583207971364e-01
   1.5764339472003361e+00
   3.5734592711997526e+00
   6.3044328479988410e-01
  -1.0021403783999303e+00
   1.5817369007999109e+00
   2.9781239039999998e+00
   2.2748241263999534e+00
   1.8363223368011666e-01
   2.2768148591998765e+00
  -1.4047958400003362e+00
  -3.1020079943999805e+00
  -3.2058143543998225e+00
   1.2487454951989219e-01
   1.1469905328000540e+00
  -1.2237666672000152e+01
  -2.3114289576000154e+01
  -2.2240496207999225e+01
   2.0419149576028595e+00
   3.3969127248001818e+01
   3.9029375279998064e+01
   2.4234467040000464e+01
  -5.1405574079995358e+00
  -4.0391473919999996e+01
  -4.1419954799999608e+01
  -1.1024849807997450e+01
   2.3612834448001159e+01
   2.9825431607999498e+01
   1.8135085079997950e+01
   4.3632249360071090e-01
  -5.6696394720000001e+00
  -3.2153704128000000e+00
   3.5848120895999691e-01
  -2.8534415111994355e-01
   1.0664813880000734e+00
   3.1276726823999645e+00
   8.0274831840012357e+00
   1.7462107656001159e+01
   2.1715197000000039e+01
   1.1560852296000000e+01
  -8.0999331840002693e+00
  -3.3425516544000850e+01
  -5.3614970640000763e+01
  -6.2472726960000386e+01
  -6.1000156559998842e+01
  -4.3287078239996518e+01
  -1.7769755472000774e+01
   6.5910295919984152e-01
   1.5607105584000191e+01
   3.0229540320000460e+01
   4.4314477200000766e+01
   5.1766935359999991e+01
   4.6043153519999223e+01
   3.3137783783997676e+01
   1.0725745296001042e+01
  -1.0670640791999613e+01
  -1.9349358671999997e+01
  -1.9670808695999998e+01
  -1.7617162247999921e+01
  -1.6538576880000154e+01
  -2.0416062240000038e+01
  -1.8762409343999881e+01
  -1.9981814328001274e+01
  -3.3286489823999652e+01
  -5.3467095360000002e+01
  -6.3552096719999994e+01
  -5.1314151839999219e+01
  -3.6479826935998801e+01
  -1.5867805799997875e+01
   1.2942379128003903e+01
   3.9651827040000768e+01
   3.8719211999999999e+01
   2.5690472472000344e+01
   1.1114768952000000e+01
   4.6773990479999226e+00
  -7.3138642080012750e-01
   2.9083957056005758e+00
   9.6841731840005014e+00
   1.4978285952000734e+01
   1.9723026791999921e+01
   1.9293647520000039e+01
   7.5528796560000000e+00
  -3.8610606552003088e+00
  -1.5214550232000230e+01
  -1.4265246575999342e+01
  -3.7061478719988097e+00
   1.4140033656002586e+01
   4.0094989200003866e+01
   6.4561334879999606e+01
   7.1548837919999997e+01
   5.8618309679999612e+01
   3.5882139551998648e+01
   2.1977867855978128e+00
  -2.8383402264002203e+01
  -4.7934620160001160e+01
  -5.5422897599999999e+01
  -4.8494977440000383e+01
  -2.6104573488000657e+01
   6.4189193039999992e+00
   3.2412990120000387e+01
   4.5874180800000381e+01
   5.0228329199999997e+01
   4.9765112879999229e+01
   3.7226931335997755e+01
   1.4465019240001157e+01
  -1.7258100047999264e+01
  -4.6645705679999999e+01
  -6.1899000239999999e+01
  -6.2914845839999998e+01
  -5.7679434959999220e+01
  -4.4383217759998843e+01
  -3.1683296903998645e+01
  -1.7378096568000771e+01
   3.9727638719995362e+00
   1.6595899319999997e+01
   1.9375305431999958e+01
   1.3344072839999574e+01
   4.8588293039996904e+00
   2.6514284999997719e+00
  -2.6017150488010121e+00
  -1.1571941976000849e+01
  -1.8115475279999842e+01
  -2.3825783351999998e+01
  -2.4726674952000000e+01
  -1.8855929735999727e+01
  -4.9144940879992660e+00
   1.0571324400000579e+01
   1.3841381232000037e+01
   1.8343420368001276e+01
   3.0536508071999496e+01
   3.2078665248000036e+01
   3.1462303151999997e+01
   2.9323895999999923e+01
   2.9505809256000308e+01
   3.5938832160000196e+01
   3.6116912327999302e+01
   2.0889506567997334e+01
  -5.6359878959987242e+00
  -3.3531428783999459e+01
  -4.8988989840000002e+01
  -4.9811751359999612e+01
  -3.3182432303998532e+01
   7.7225440320031291e+00
   4.7322330720001929e+01
   5.5386228239999227e+01
   4.0092245759996906e+01
   1.9348033320000386e+01
   1.3368701975999999e+01
   1.3952266439999999e+01
   1.8617787552000113e+01
   2.3321411568000155e+01
   2.4990624791999885e+01
   2.4818877720000465e+01
   2.8676988983999536e+01
   1.8869310768000616e+01
   6.2029255680001931e+00
   4.7350151519999999e+00
   2.6685019703996908e+00
  -4.6042148880003086e+00
  -1.0951360392000424e+01
  -1.4600630184000231e+01
  -1.6535025863999998e+01
  -1.3313230392000309e+01
  -2.6919015816004830e+00
   9.0551603519999997e+00
   1.7596211640000000e+01
   1.8759580895999921e+01
   1.4790874223999728e+01
   8.5208193839994593e+00
   2.7157154135994626e+00
  -6.1734316560017000e+00
  -1.9262217743999383e+01
  -3.0501735935999999e+01
  -3.5109038159999997e+01
  -3.3216165023999729e+01
  -2.6132204951999690e+01
  -2.0328909719999611e+01
  -1.4683810511999111e+01
  -1.4963618207977434e+00
   1.3832293103999458e+01
   1.8407713464000000e+01
   1.2511427207999999e+01
   3.6609251615997485e+00
  -4.3539397440015842e-01
  -7.2462017040008879e+00
  -1.4894726952000308e+01
  -1.8158222712000427e+01
  -2.0712512183999923e+01
  -2.0778617496000038e+01
  -1.6143084888000001e+01
  -5.3962382879999993e+00
   8.2607837760005030e+00
   1.7786930952000347e+01
   2.5445139384000658e+01
   3.1827161352000306e+01
   3.2960499599999807e+01
   3.0937347840000115e+01
   2.4358899431999998e+01
   1.1566524648000000e+01
  -2.4431384208004481e+00
  -1.1579816808000308e+01
  -1.5398306615999884e+01
  -1.2297002255999535e+01
  -7.4522688239994581e+00
  -3.8709358800001157e+00
  -2.0538794471999999e+00
   2.1065106048000000e+00
   8.2456214400002708e+00
   1.2593216496000039e+01
   1.1007929351999266e+01
   1.1724195167991267e+00
  -5.8336469520005796e+00
  -9.7297645199999234e+00
  -5.3729267760002317e+00
  -1.9961161247999999e+00
   2.6204975663999999e-02
   7.9321158000001146e-01
   1.4819556696000502e+00
   1.9169416055997719e+00
   2.6017602576011595e-01
   3.8735093040007724e+00
   8.2716184319999222e+00
   8.0518418399999980e+00
   1.0541737751999998e+00
  -1.3714703856000309e+01
  -1.6759678823999923e+01
  -1.2821107487999690e+01
  -1.1121190920000037e+01
  -1.1244738456000038e+01
  -1.1294862264000077e+01
  -9.0886032720000003e+00
  -8.5402862160000002e+00
  -2.5434524975996329e+00
   7.1169315840003078e+00
   1.0550563127999999e+01
   8.2545550079994978e+00
   6.6558404639896440e-01
  -5.7084340319997677e+00
  -2.9853341280002819e+00
  -1.6229058887999999e+00
  -4.1725674479999997e+00
  -8.3119740480001933e+00
  -1.1599627535999845e+01
  -3.3698720663988406e+00
   7.8453110400006949e+00
   1.1839956743999998e+01
   1.1076318288000115e+01
   1.0059696023999999e+01
   5.1690003119999997e+00
  -3.8143155288004169e+00
  -1.3599154800000386e+01
  -2.0585973912000387e+01
  -2.3367323615999997e+01
  -2.2863299591999997e+01
  -2.4492945455999845e+01
  -2.7628191191999996e+01
  -2.4606948912000000e+01
  -1.7015475623999535e+01
  -4.2445924079993818e+00
   6.4258165440008117e+00
   1.4820967056000386e+01
   1.9691523600000306e+01
   1.7940177192000192e+01
   1.5987214991999998e+01
   6.7935688799999987e+00
  -5.2565933279999992e+00
  -2.1013529375997875e+00
   1.7692479336014683e-01
   4.4794038240006184e+00
   1.4697666816000927e+01
   2.2924389432000890e+01
   2.9546841071999726e+01
   3.3229696751999995e+01
   3.0883989863999997e+01
   2.1833736791999417e+01
   7.3840151279995743e+00
  -3.8624744928005059e+00
  -6.1570908000006179e+00
  -1.2812714879999497e+01
  -3.0857934912005525e+00
   5.5433291760000003e+00
   7.9795579920000002e+00
   8.5880413919999601e+00
   5.7249217199997293e+00
  -3.9612993840006956e+00
  -9.7793705520001541e+00
  -1.0549461887999922e+01
  -7.8872315760001541e+00
  -8.3945554559999991e+00
  -1.2464943287999999e+01
  -1.4257904976000001e+01
  -1.6301721407999842e+01
  -1.2239208407999767e+01
  -2.6627156303985395e+00
   1.1730087768000386e+01
   1.5945935880001159e+01
   2.1056041103999881e+01
   2.1465095735999999e+01
   2.5419003287999999e+01
   2.2018335527999536e+01
   9.5320629599998448e+00
   9.5674301519999609e+00
   1.0823736336000154e+01
   1.0210956167998878e+01
   2.4166561104494704e-02
  -1.3319656223999999e+01
  -2.2445164559999998e+01
  -2.1859119407999959e+01
  -2.2907005296000310e+01
  -2.9029115304000115e+01
  -2.6735943359999688e+01
  -3.0169285104001624e+01
  -4.1342365679999610e+01
  -4.3465363199999999e+01
  -4.6015757760000000e+01
  -4.0725903119999998e+01
  -3.6081394439999876e+01
  -3.2852342375999726e+01
  -2.7130052039999690e+01
  -2.8480404120000383e+01
  -3.5830756080001116e+01
  -3.8179956024000070e+01
  -3.0275131655999999e+01
  -1.9170834143999997e+01
  -1.5255106775999767e+01
  -1.1416110719999921e+01
  -5.8582606319988022e+00
   7.9958795280013524e+00
   2.3369201520001969e+01
   3.7419710159999376e+01
   5.5045462080000000e+01
   6.8530551599999995e+01
   7.3203441359999616e+01
   5.2520917679998071e+01
   1.0473719759997103e+01
  -1.4854576128001236e+01
  -2.4063724608000463e+01
  -2.8132130207999690e+01
  -4.4298518879999996e+01
  -6.6452453759999997e+01
  -7.5853758959999993e+01
  -6.7408600559999215e+01
  -4.3441329119998834e+01
  -2.2385678279998181e+01
   2.0301297576024422e+00
   2.8959571032002973e+01
   4.3745194079999614e+01
   5.7919968959999999e+01
   6.6610414079999998e+01
   5.6607445439999225e+01
   4.2376140239999998e+01
   4.5449990879999994e+01
   3.9738921599998839e+01
   1.4222205479993159e+01
  -5.3896347119996527e+01
  -1.1516389248000000e+02
  -1.3503389424000000e+02
  -1.2764882423999998e+02
  -9.0343681679995740e+01
  -3.8197127639995820e+01
  -3.9475474079983770e+00
   1.2473648880000733e+01
   1.1469545975999999e+01
   1.5274465415999998e+01
   4.5425531759999998e+01
   8.3063982959999990e+01
   9.8573731199999997e+01
   9.1110415199998840e+01
   6.9639055919997290e+01
   3.7714722695996713e+01
   2.3651420351972563e+00
  -2.0051026296000000e+01
  -2.3108737007999999e+01
  -3.2350544015999994e+01
  -2.9676930360000000e+01
  -1.6904996135998104e+01
   1.9560599688006992e+00
   1.2038890919990224e+00
  -1.0433982384000540e+01
  -5.0156922479999997e+00
   2.1650192927999999e+01
   5.2333475039999996e+01
   5.6484570239999996e+01
   3.0702741215995324e+01
  -1.6900772784003088e+01
  -4.5192841680001152e+01
  -5.2732162559999992e+01
  -4.4541178080000002e+01
  -6.1419593760000000e+00
   5.0028830880000001e+01
   6.9466335119999997e+01
   4.3211730239995745e+01
  -2.8008354696026352e+00
  -2.3253980904000965e+01
  -2.8147056839999070e+01
  -6.8110573439974500e+00
   1.2779329919999999e+01
   1.3117491743999999e+01
  -6.7487773919999994e-01
  -3.7647597288000001e+00
   1.0080364560001893e+01
   2.7942519864000889e+01
   3.4798747368000193e+01
   3.5941343760000080e+01
   3.3621707279999995e+01
   1.8805349975999999e+01
   7.3933080479999989e+00
  -8.2164405120000001e+00
  -1.9041231720000539e+01
  -2.0668400759999457e+01
  -1.5633427151999960e+01
  -1.6556784048000001e+01
  -1.5403951919999999e+01
  -1.6203552623999997e+01
  -1.3699282631999999e+01
  -8.1968886720000000e+00
   4.5117957360016225e+00
   2.7742480584001811e+01
   3.8510783975999807e+01
   2.9860961087998454e+01
   8.0427382559972180e+00
  -2.4622903367999999e+01
  -4.8654947039999996e+01
  -5.7263166240000004e+01
  -4.8927977279999993e+01
  -2.7104526455998180e+01
  -5.8524646319979512e+00
   1.7309854464001312e+01
   2.4729491807999921e+01
   2.5788351455999997e+01
   3.2908919063999996e+01
   2.9826841968000000e+01
   1.6666846223999997e+01
  -1.3711693800003166e+01
  -4.5508105440001543e+01
  -5.6362081440000004e+01
  -5.3686531919999219e+01
  -3.7893761135999995e+01
  -5.6853118560000002e+00
   2.1287228087999999e+01
   2.9562192744000001e+01
   2.1975201695998571e+01
   1.3825283807977125e+00
  -2.2783743696001775e+01
  -3.6555016511999959e+01
  -2.8773484656001237e+01
  -1.3675565400000000e+01
   1.2827305344000000e+00
   1.7433827040000001e+01
   2.4268528199999995e+01
   1.9656867383999575e+01
   1.8878553456000038e+01
   1.4361297887998763e+01
   9.0414199679954010e-01
  -1.0631081159999998e+00
   9.0656356559999984e-02
   3.8955418319999997e+00
  -4.1944299599999990e+00
  -9.0463079279994592e+00
   5.5947087840020862e+00
   2.7555690960001659e+01
   4.2402029040000386e+01
   4.0956197519999996e+01
   3.3362884967999996e+01
   3.1342936463999997e+01
   3.3074881727999994e+01
   3.4237482047999492e+01
   2.2123699079997721e+01
  -1.0076322816003362e+01
  -4.4127150480001930e+01
  -6.0308577839999224e+01
  -5.6618032799999995e+01
  -3.6517647767999996e+01
  -1.7878704815999999e+01
  -9.0854966159999986e+00
  -3.6972502391991187e+00
   8.7561717600013900e+00
   2.4797390016001238e+01
   3.2987613287999729e+01
   2.2380299591999997e+01
   1.5667654464000000e+00
  -1.7056128767999997e+01
  -2.4045857471999998e+01
  -1.5820228367998183e+01
   6.8399523360014678e+00
   1.7666238912000267e+01
   1.5449693951998841e+01
  -5.2510098479999998e+00
  -2.5411874207999997e+01
  -2.5876122215999995e+01
  -1.6283042832000000e+01
   2.1506900352128205e-01
   1.0954837992000270e+01
   1.1512355231999729e+01
   6.8457174239991492e+00
  -1.8084976727995012e+00
  -7.4201164799999997e-01
  -3.2496974160000192e+00
  -1.7665365647999998e+00
   1.1404453032018005e+00
   1.4479922688001698e+01
   3.4761131327998221e+01
   4.0850787599999222e+01
   3.3526030776000653e+01
   2.8722159143999921e+01
   2.5095992207999998e+01
   1.1272907015996946e+01
  -2.1694416408000001e+00
   4.3873981199938172e-01
   8.0702422080006180e+00
   1.3081552679999652e+01
   2.2369078536000849e+01
   2.6475737735999999e+01
   2.3986150944000691e+01
   2.6575000031999998e+01
   3.1531770144001854e+01
   3.6085749167999303e+01
   2.4098597208001390e+01
   6.3376400639986086e+00
  -5.4233133359992269e+00
  -1.4574474768000501e+01
  -1.8617826191999999e+01
  -1.9266626567997601e+01
   1.3282855488000000e+00
   2.2555454712003709e+01
   4.4195118240001932e+01
   5.9015606159999223e+01
   5.7100337279998840e+01
   3.7599003624002357e+01
   4.7742927119952085e+00
  -1.6659705552000002e+01
  -2.1236138279999807e+01
  -1.8109103544000000e+01
  -1.2229362936000733e+01
  -2.3403873191990647e+00
   6.6092676719993042e+00
   1.0675714223999613e+01
   5.5894962479999997e+00
  -6.2648577600025881e+00
  -1.8937603104000001e+01
  -2.4075637320000730e+01
  -2.6478145007999693e+01
  -1.9710020568000846e+01
  -8.3952355199993427e+00
  -5.5947087839999226e+00
  -2.9411280359996521e+00
  -1.2461063831999999e+00
  -6.4486296000004240e+00
  -1.0844389416000000e+01
  -1.3825600656000963e+01
  -2.1932226288000269e+01
  -1.7678406648000696e+01
  -1.5658740215999574e+01
  -7.5938728320008106e+00
  -6.4261333920005796e+00
  -1.2418660295999999e+01
  -1.7008319495999611e+01
  -1.7430484679999999e+01
  -1.4642628000000425e+01
  -8.1526845119993805e+00
   1.4408879183906181e-01
   1.7025989568001581e+01
   3.1021726007999998e+01
   3.5909894664000461e+01
   3.8488480967999998e+01
   4.1104845600000381e+01
   4.5343344480000766e+01
   4.6713171120000766e+01
   3.1758324191998916e+01
   2.0273720208000967e+01
   1.1068169111998300e+01
   2.3931711047999999e+00
  -1.1512343640002317e+01
  -1.8059014511999997e+01
  -2.3852595648000115e+01
  -2.1563492495999650e+01
  -1.6698082800000503e+01
  -1.1152578191999304e+01
   1.1079722471985973e+00
   1.0299383808000385e+01
   9.4768116239999998e+00
  -3.6882077064021677e+00
  -1.2239366832000000e+01
  -1.6183935095999729e+01
  -2.0291548704001119e+01
  -3.5958762671998457e+01
  -4.3703733359999610e+01
  -4.0472733839999997e+01
  -2.4101738639998068e+01
  -2.0968374671999999e+01
  -1.3320606767999266e+01
  -9.6358074959997673e+00
  -6.9588978480003085e+00
  -1.8886834007991846e+00
   1.3934001312005757e+00
  -1.5184766520002819e+01
  -2.8423804248000000e+01
  -4.1372659440000774e+01
  -4.2266827679999999e+01
  -4.0504534559998454e+01
  -2.9144815055998610e+01
  -1.5243510912000927e+01
  -1.0244831856000193e+01
  -2.1847929263998260e+01
  -3.8188016328002625e+01
  -4.7354865599999997e+01
  -3.7901952815997682e+01
  -2.3915988431999999e+01
  -6.8069151360011197e+00
   9.6239450160016222e+00
   2.5495576175998686e+01
   4.5209031840001543e+01
   6.3444754799999991e+01
   8.2110502320002311e+01
   8.8251866639999989e+01
   6.3127829519994975e+01
   3.4904180471996440e+01
  -5.8187744159967147e+00
  -2.1230713223999459e+01
  -1.5776588352000077e+01
  -2.3634244872001542e+01
  -2.1275454479999997e+01
  -4.4959997039984154e+00
  -1.2806837735999999e+00
  -2.2741119911995519e+01
  -3.7590448728000233e+01
  -3.6483227256000504e+01
  -1.2608247455996521e+01
   2.2703596607997486e+01
   4.2532284480002318e+01
   5.5180508879999998e+01
   6.3483356160001932e+01
   7.8808327919999996e+01
   8.5145751599999997e+01
   8.6754798479999607e+01
   7.2993471600002309e+01
   2.9688777383995671e+01
  -2.1154735391999999e+01
  -5.0445176880003864e+01
  -7.4849428079999996e+01
  -9.1709142000000767e+01
  -9.7495018320000767e+01
  -1.0064742408000038e+02
  -7.7137225199996521e+01
  -3.2943946224004478e+01
   2.3345488152010240e+01
   7.0018037039999996e+01
   6.9087894959994202e+01
   3.5952750287999997e+01
   2.0610792384002472e+01
  -6.2168398320340412e-01
  -3.9271416239996903e+01
  -6.3021337680001160e+01
  -6.7699250640000002e+01
  -7.3917199440001539e+01
  -8.3232298799999995e+01
  -7.3388063279992650e+01
  -2.5672980143999997e+01
   3.5087125415988405e+00
   1.1166917496001892e+01
   4.3701221759996521e+01
   6.5400827520000391e+01
   6.2607812399999993e+01
   4.9756612079999222e+01
   5.4095459039999994e+01
   5.5243028399997293e+01
   3.9522808079999997e+01
   4.6980405359999224e+01
   4.1012418719997292e+01
   3.2241161904035240e+00
  -2.7645853536002047e+01
  -2.0659069199999998e+01
   6.4536025680032454e+00
   1.2682030535999999e+01
   2.8414039920029053e+00
  -2.0933061576001776e+01
  -3.7093499687998957e+01
  -3.7213136855999146e+01
  -2.5822242600000965e+01
  -3.2386459896003785e+01
  -5.5257557039999995e+01
  -8.8945029600004631e+01
  -1.0386609743999999e+02
  -8.6171411760002698e+01
  -4.8685318079997295e+01
  -1.9353195624002666e+01
   7.0565449920014682e+00
   1.7239749912000001e+01
   1.7701903631959157e+00
  -1.2750689952000000e+01
  -2.2983945264004443e+01
  -4.8863371200001545e+01
  -5.7719350079999607e+01
  -6.0372140639999998e+01
  -5.2709905920001539e+01
  -2.1055337855994626e+01
   3.5657304984000002e+00
   1.6478796936001274e+01
   2.5023723815999997e+01
   5.3065818959993813e+01
   8.5182923280002314e+01
   1.0649153087999845e+02
   1.1164614551999846e+02
   7.3346795760005023e+01
   1.5478430519992580e+01
  -1.1070000647999999e+01
   6.5234405040044434e+00
   3.1473790823999998e+01
   3.9221686559999995e+01
   3.6860164319999384e+01
   2.5949190456001546e+01
  -7.9959529440028980e+00
  -3.2526263279999995e+01
  -2.4783216863995865e+01
   9.9877019759999996e-01
   3.2249009688003170e+01
   3.6971768231998880e+01
   3.0018925271999805e+01
   4.0932665760000766e+01
   4.6583070239999614e+01
   5.9741419920001931e+01
   5.7135461039999996e+01
   3.4681127207995132e+01
   8.8218211199999992e+00
   5.6709880079983774e+00
   1.6448054952000195e+01
   7.4695370400015841e+00
  -2.9772247512003052e+00
  -8.3501271839992643e+00
  -8.7306461759976806e+00
   2.0824347936000001e+00
   1.2286453536002551e+01
   2.3058180431999997e+01
   3.9454569839999223e+01
   2.8290121440000000e+01
   3.4044115895999610e+01
   2.3327002775998530e+01
   4.1102990879999997e+00
  -1.5140245512001158e+01
  -2.6889096863999999e+01
  -4.7338250400000767e+01
  -4.8276854639999996e+01
  -4.5582951120000381e+01
  -3.5833592255998106e+01
  -1.3733753376001777e+01
  -6.1494400800003470e+00
  -4.4722940639999997e+00
   5.3543100240037478e-01
  -4.8784777439999996e+00
  -1.4144295647998646e+01
  -3.8404949016001616e+01
  -4.6176113759999993e+01
  -4.6288362960000384e+01
  -4.6448834880000383e+01
  -4.1593950719998453e+01
  -2.0481993671999998e+01
   3.2944703568017228e+00
   8.9730464879999996e+00
  -3.0674267399970554e+00
  -9.6143893439999992e+00
   4.3704390239999995e+00
   2.3476064304000037e+01
   1.0478310192000000e+01
   3.7774861991985738e+00
  -1.0743658799999998e+00
   5.8678278959996524e+00
   8.1800300400000001e+00
   1.7789546879998259e+01
   2.4636095064000735e+01
   2.0665738463999997e+01
   7.1099570639995369e+00
   1.4712539352000000e+01
   3.0399336072001429e+01
   3.0547296360000001e+01
   2.1515134536002048e+01
   5.1698001599999994e+00
  -3.6012391127975927e+00
  -1.1272385375998841e+01
  -5.4905662559999993e+00
   1.2674499600011282e+00
   4.7411395919999997e+00
   9.1985108879985322e-01
   5.8623719279999997e-01
   3.2603357807987670e+00
   1.8463563720000000e+01
   4.0991166720000002e+01
   4.9838606160001156e+01
   3.9177366479999996e+01
   5.7302926799974108e+00
  -1.0047076199999999e+01
  -1.9022916360001119e+01
  -2.8701521520000000e+01
  -3.2254372920000534e+01
  -2.4620391767998417e+01
  -1.8856462967999999e+01
  -1.1693638655998994e+01
  -7.4102014559999994e+00
   4.9881071520025495e+00
   1.2329359391999999e+01
   1.1523224663999072e+01
   1.1761069319999999e+01
   2.0610502584013912e+00
  -9.2216639759965602e-01
  -4.0439619359999995e-01
  -1.1967267816001042e+01
  -1.7921363375999999e+01
  -2.9322315624002702e+01
  -4.1840473919999994e+01
  -3.3028080960002548e+01
  -1.8531732407999996e+01
  -8.1480245280000005e+00
  -3.4828604495998108e+00
  -2.4934337903999997e+00
  -3.2712886751991848e+00
   8.2284652800000000e+00
   2.9365820400004637e+01
   6.0325270319999994e+01
   8.0856363839998053e+01
   7.0915141919995364e+01
   3.8301119471999996e+01
  -1.4719861632068469e+00
  -3.5028976080000000e+01
  -4.4223866399999608e+01
  -4.1084134559999995e+01
  -3.9707275440000380e+01
  -4.7644356479999999e+01
  -6.5123817359999990e+01
  -7.4011442400001144e+01
  -7.6462879919999992e+01
  -6.0778594799995368e+01
  -2.7434759352000000e+01
   1.3578401256006993e+01
   5.3166630719999993e+01
   7.7749591919997670e+01
   8.0535226800000004e+01
   6.5040779999999998e+01
   3.2228395247991493e+01
  -2.8640396903999998e+00
   7.2941655360016231e+00
   1.5773528063999999e+01
   3.8049909240002357e+01
   4.2939511439999997e+01
   5.1399353039996136e+01
   6.3064034879999994e+01
   7.0326422879999996e+01
   7.0939871519998448e+01
   5.7525840959999996e+01
   6.2631382799908808e+00
  -3.0638699279999997e+01
  -3.6763838664001000e+01
  -2.6139716567999997e+01
  -7.0330750559999995e+00
  -2.3130518376002549e+01
  -4.2010219440000000e+01
  -6.3116662559998836e+01
  -4.9710823679999997e+01
  -5.0750626079996906e+01
  -2.8747340831999999e+01
  -2.2453603535999999e+01
  -1.7689689527999999e+01
   4.9477051679999997e+00
   7.6225668959997677e+00
   1.6767008831999998e+01
   1.7744407631999689e+01
   1.4775758256000000e+01
   6.9996244079978363e+00
  -5.3246422319999995e+00
  -2.0957795039996675e+01
  -3.4228614168000149e+01
  -3.8722109999999994e+01
  -4.4589439439998841e+01
  -3.7349841311999995e+01
  -3.0026989439998065e+01
  -7.6285947360000002e+00
  -5.0240307599994587e+00
   1.9498257912000001e+00
   2.5437310919999998e+01
   2.6646912935997410e+01
   1.6751178023999998e+01
   2.0810395032000386e+01
   1.4889166655999999e+01
  -2.5896377303999265e+00
  -7.2112440959999997e+00
  -2.0009032343999959e+01
  -1.0207092167999999e+01
  -1.3078183271999999e+01
   1.7598135911992965e+00
  -2.3343869135999999e+00
   4.6652004000014289e+00
   1.4322120792000000e+01
   2.9191770384000616e+01
   2.6396436863999998e+01
   3.8425030223998220e+01
   3.0566894567999803e+01
   3.7253685671999996e+01
   1.9027885463995712e+01
  -1.1664295439999999e+00
  -1.2949906200001738e+01
  -1.7349433416000000e+01
  -4.7042036160020473e+00
   4.0801096559999994e-01
  -3.9302791919999995e+00
  -1.1644314696003013e+01
  -2.2674929591999998e+01
  -1.5388944143997373e+01
  -6.6769804079999995e+00
  -1.6201732679979597e+00
   6.0961864319999997e+00
   1.0766607095998724e+01
   1.4464431912000000e+01
   2.3765323343999999e+01
   1.7574824399973106e+00
  -3.4147404479999994e+00
  -1.1290457303997950e+01
   4.7108960639999991e+00
   4.4279546639998841e+00
  -7.5318556319999992e+00
  -3.2915719703997063e+01
  -2.7745278120000346e+01
  -3.4377795480000003e+01
  -3.0907745736002859e+01
  -4.8053592719999997e+01
  -5.4605700240001930e+01
  -4.4275450800000002e+01
  -2.4830454264000426e+01
  -1.7860385591999997e+01
   1.2126646224000000e+01
   2.0311143047999497e+01
  -2.2877542296000000e+00
  -2.7518573376000230e+01
  -2.6138568959999997e+01
   2.9701741104360241e-01
   5.5325679359999991e-01
   5.9754712079982610e+00
  -1.3287225671999998e+01
  -1.9585843199999999e+01
  -4.1179304880000771e+01
  -3.8126145959999995e+01
  -5.3170069680001923e+01
  -5.2027175759999999e+01
  -5.1073463279998073e+01
  -3.5292156984000002e+01
  -2.1056999376003322e+01
   6.4504804560066837e+00
   3.2809989072000000e+01
   2.2878736271999419e+01
   3.1536252384000001e+01
   1.3950106463994048e+01
   1.6364986680000000e+00
   1.1271751680001469e+01
  -2.1706649832000000e+00
   1.6070518967999998e+01
  -7.4979876720061815e+00
  -3.5184892343999998e+01
  -5.0950047120001933e+01
  -4.8457032959999999e+01
  -7.0719237119969085e+00
   6.6848359200000003e+00
   2.6717461847999072e+01
   1.3659838920000000e+01
   1.8723989591999999e+01
   1.5513627696000462e+01
   2.5295954208000001e+01
   4.0080344640004249e+01
   5.9261472480000002e+01
   8.8092940320000778e+01
   7.0117303199999995e+01
   2.1573805512009312e+01
  -2.0793459120004869e+01
  -3.2980109399999996e+01
  -6.1992509040005402e+01
  -7.4616428879999987e+01
  -6.2108351759999216e+01
  -4.9347530399999997e+01
  -4.5517031279999614e+01
  -2.5257457175999999e+01
   1.7600539319999999e+01
   3.0862714679996827e+01
   1.5450010799999999e+01
   2.6718118728000309e+01
   1.3235216231999999e+01
   1.0798763304002472e+01
   1.1600377151999998e+01
   6.2275740239986472e+00
   1.0540764024000000e+01
   1.3138712832000000e+01
  -7.9974135360042888e+00
  -7.0723873920000004e+00
  -1.1248842024005370e+01
  -3.4509094200000000e+01
  -2.7077509367995901e+01
   7.6687996559999991e+00
   4.2781937519997676e+01
   5.4124284480002316e+01
   5.5218569280000004e+01
   4.3761345599997291e+01
   3.0522474023999997e+01
   2.5989507431996252e+01
   1.5323580719999999e+01
   3.2196184944001892e+01
  -1.1303459664000000e+00
  -1.8508757063999997e+01
  -1.6233034943994166e+01
   9.0327259679999994e+00
   8.8630654560008484e+00
   1.9826118311999998e+01
   4.4563589280004244e+01
   5.2467323999999991e+01
   3.4079378760003131e+01
   1.5912458183999998e+01
   9.9837259199999995e+00
   8.6016117599992281e+00
   1.3288531704000000e+01
   2.2984246656002199e+01
   3.2850622895999997e+01
   2.2325268503999421e+01
   3.0085587000000000e+01
   2.4131692368001389e+01
   2.4362620463997100e+01
   8.6184201599999994e+00
   2.1671846784001467e+01
   1.4642894616000000e+01
   6.4238768160006572e+00
   1.1323741799999999e+01
   7.3059932400001539e+00
   1.0282131048000000e+01
   8.0739748319999993e+00
   6.7330856879984156e+00
  -7.4991120959999993e+00
  -2.3684090471999767e+01
  -1.5734134584000000e+01
  -2.5354822248004712e+01
  -4.2374130959999995e+01
  -3.0704738904001619e+01
  -3.3355087415999996e+01
  -2.8100708159999996e+01
  -1.2232585512000155e+01
  -1.2839059632000000e+01
  -1.2234312720001467e+01
  -2.2166315135999998e+01
  -2.1571518024000348e+01
  -8.0339360639999988e+00
   9.1015090319992265e+00
   9.0275752560016613e+00
   1.8333513071999999e+01
   2.4455101439997758e+01
   6.7549288799999996e+00
  -2.0075539512005331e+01
  -4.0580925839999992e+01
  -5.4407902079997676e+01
  -4.3887350640000001e+01
  -2.1254975280000000e+01
  -2.1704914895999536e+01
  -1.9101258959999999e+01
  -2.0919738503997099e+01
   5.0922264959999994e+00
   2.5958019696000925e+01
   3.4496377775999996e+01
   5.4562152959998073e+01
   6.1603597440000001e+01
   7.2604328159999994e+01
   6.9440175839998844e+01
   6.0841809839999989e+01
   5.7223830719996904e+01
   3.2777156663999996e+01
   1.1061847607998416e+01
  -1.1851583520000000e+00
  -2.0652287879997449e+01
  -2.1720197016000888e+01
  -2.2908720912000000e+01
   2.0645297904036242e+00
   1.9945960272000001e+01
   4.8501043920003475e+01
   5.9894318399999996e+01
   5.2949280720003472e+01
   3.7433323031999997e+01
   1.1386439063999999e+01
  -8.4158113200051385e+00
  -3.2444350344000000e+01
  -4.9752091200005793e+01
  -7.4689613039999998e+01
  -8.9366476080002315e+01
  -7.9363893839999989e+01
  -4.2071772960005021e+01
  -3.1264845023999996e+01
  -2.4296777903999995e+01
  -1.0060990463996522e+01
   1.7295140352000001e+01
   4.3862582400002317e+01
   4.1447543759999995e+01
   2.1644930159999070e+01
   1.9828112135999998e+01
   1.5070782384000541e+01
   2.6884726680004480e+01
   5.1704299919999997e+01
   7.1500151520001936e+01
   6.2835981600000004e+01
   2.4475317887995633e+01
  -4.2201796560000000e+00
  -4.4414516159993042e+01
  -7.2093120959999993e+01
  -8.7599043839999993e+01
  -8.1133683119996903e+01
  -5.5853540399999993e+01
  -8.9802683039910729e+00
   4.4837778719999996e+01
   9.1879892160003479e+01
   9.3801034319999999e+01
   6.3451400880006567e+01
   2.1131060664000000e+01
  -2.8178985071999998e+00
  -1.0760011248002396e+01
  -2.9425279631999999e+01
  -4.2256085760001547e+01
  -4.9639339679999999e+01
  -3.2015021303996214e+01
  -2.5064987472000002e+01
  -2.2048296984002508e+01
  -4.9098495599990342e+00
  -2.9018160863999998e+00
   6.4698390960014676e+00
   1.6877975184000000e+01
   2.9566350408001387e+01
   3.6068403671999995e+01
   4.1906277839999994e+01
   1.2226777919999998e+01
  -2.1007037855999997e+01
  -5.2459634640004246e+01
  -6.1028827440000001e+01
  -4.7501349839998454e+01
  -3.4897395287999998e+01
  -5.5015593359955943e+00
   6.0684660959999990e+00
   1.2817672392005099e+00
   2.3969883504000000e+00
   8.5516811520000002e-01
   3.7904545559997413e+00
  -1.7088118824000000e+00
  -6.0332070960010817e+00
  -1.6548750792000000e+01
  -2.1472363919999417e+01
  -1.6655308320000000e+01
  -1.0711023456000115e+01
  -1.9105899624001580e+01
  -3.4590439128000000e+01
  -5.6608952400000000e+01
  -4.1984562479999994e+01
  -1.1704411487996213e+01
   4.0365160079999995e+00
   1.7715068279997759e+01
   1.4298260591999998e+01
   1.3866246071999999e+01
   2.0950167503999960e+01
   2.4405259704000002e+01
   2.1326791583999807e+01
   2.0623226735999999e+01
   6.3673696799974495e+00
  -1.1348761199999999e+00
   7.6341820799974496e+00
   1.9206541367998877e+01
   9.9937916399999995e+00
   7.9741097519991504e+00
   2.7278081879999999e-01
  -1.4505977640001506e+01
  -1.6584175943999998e+01
  -1.7476539696000422e+01
  -1.9600437528000000e+01
  -2.9876784167997911e+01
  -2.2789709711997642e+01
  -1.2490808903999998e+01
   6.8050526880020863e+00
   1.0875888743999999e+01
   1.1918341848000811e+01
   1.4767960704000000e+01
   6.1886326320022018e+00
  -4.3816832640000003e+00
  -1.2173211287999999e+01
  -1.3198616423999187e+01
  -1.1548151327999999e+01
  -2.1042057288001235e+01
  -2.5288438727999999e+01
  -3.4354816271999539e+01
  -2.2011569663999996e+01
  -1.0139773560001391e+01
  -5.3953727519997292e+00
  -1.1310511463999999e+00
  -8.8744526640015053e-01
   6.1238024399999995e+00
   2.0011072536000849e+01
   2.1721839215999999e+01
   2.0936187551999961e+01
   1.7476775399999998e+01
   2.8042616784034893e+00
  -1.2508448064002589e+01
  -2.3202744264000000e+01
  -9.3365329679974103e+00
  -2.8882472639999999e+00
  -6.8679315599996904e-01
  -3.7773857351999993e+00
  -1.4809270727997447e+01
  -2.8862855112000002e+01
  -3.1779081599999998e+01
  -3.7296800184000425e+01
  -3.6242206392000000e+01
  -6.5262998639909959e+00
   3.8595718559999995e+01
   6.3570682560001543e+01
   6.7894112159999992e+01
   7.1740260479999989e+01
   6.3596455439998060e+01
   5.2816049999999990e+01
   4.6502351279998841e+01
   3.8076628800000002e+01
   1.7924288423994241e+01
  -1.8448895975999999e+01
  -4.5795896160002322e+01
  -4.9051354799999991e+01
  -2.5283272560004868e+01
  -2.2908883199976469e+00
   6.4845570719999994e+00
   1.5908605776001005e+01
   1.9922679671999997e+01
   2.2798183463998761e+01
   1.2458559959999999e+01
   4.4761039680008112e+00
   1.0362992975999999e+01
   2.5083743328000001e+01
   2.5602493055998568e+01
   5.1996881999999998e+00
  -1.8306225504001080e+01
  -2.1346370471999997e+01
  -1.7719693487999074e+01
  -1.0854853127999998e+01
   1.5684470591996213e+01
   2.5722752328000926e+01
   3.2764204536000001e+01
   3.2100856199999072e+01
   2.8807441487999995e+01
   1.0906414343996406e+01
  -1.3842273815999999e+00
  -4.4947439040005408e+00
  -1.1806506096000000e+01
  -2.0771770487999227e+01
  -2.0063939783999690e+01
  -1.2948546072000001e+01
   6.0776817360049460e+00
   3.2798829839999996e+01
   4.5710385840000001e+01
   2.9664511464000000e+01
  -1.0385883311994860e+01
  -1.8271588607999998e+01
  -2.9888824392000000e+01
  -2.7483600311999034e+01
  -2.7341772191999997e+01
  -2.6631286919998104e+01
  -1.2178049015999999e+01
  -1.8379560359998066e+00
  -4.9555529519999997e+00
  -6.9258799680001548e+00
  -5.7364982639999607e+00
  -6.2575934400000000e+00
  -4.1006236320003477e+00
  -1.5945251952000000e+01
  -3.5111001072001969e+01
  -4.4625181439999999e+01
  -5.2982240640000768e+01
  -4.9031261999999991e+01
  -2.5982142648005485e+01
   1.3582558920006838e+01
   4.3413315120000000e+01
   5.4579463679999996e+01
   4.1184212159999994e+01
  -1.9748869224087442e+00
  -4.7420051279999996e+01
  -6.5543061359999228e+01
  -5.8646323679999995e+01
  -2.8122385199999997e+01
   2.9187879336008230e+01
   6.7377224879999986e+01
   8.5679756400001921e+01
   9.0454037520000000e+01
   7.2166768799993037e+01
   1.9106197152000000e+01
  -3.5489561015992003e+01
  -5.6620119360000771e+01
  -5.7721629839999991e+01
  -4.3102224479996131e+01
  -2.6503446480000001e+01
  -2.9049590640000964e+01
  -3.2337576431999999e+01
  -2.6716758600001775e+01
  -1.2977866104000000e+01
   8.4487480559772410e-01
   4.7010351359990334e+00
   1.9017684503999999e+00
   8.2438826400004235e+00
   5.7981136079999995e+00
  -5.7042184080027818e+00
  -2.1790297704000000e+01
  -3.4110599879998027e+01
  -4.5468267599999997e+01
  -5.0644443359999997e+01
  -4.6163594399998061e+01
  -3.4344317783999998e+01
  -2.4360101135998686e+01
  -1.4716894079999999e+01
  -5.4605777519991499e+00
  -1.8789673727999998e+00
  -3.5709237143992891e+00
  -7.7503107359997676e+00
  -3.6789545856000001e+00
   7.6603800000027436e+00
   2.1418190639999999e+01
   2.8886649624000924e+01
   3.3506146631999997e+01
   3.4019981352000343e+01
   3.0531697391999995e+01
   3.0538003439999844e+01
   2.7893814143999069e+01
   2.3328722255999999e+01
   2.5377395736000498e+01
   2.9649526871999999e+01
   4.0755655920001544e+01
   4.6071978959999996e+01
   3.9915158640001543e+01
   2.6742597168000000e+01
   1.0405172400000000e+01
   1.0291462608000927e+01
   1.5172726295999999e+01
   1.7025842735999419e+01
   1.1181639336000000e+01
  -4.1833364160027822e+00
  -1.6788755423999998e+01
  -2.6414443103998341e+01
  -2.9383254767999460e+01
  -2.7265968239999999e+01
  -2.4248060591998762e+01
  -1.6714315463999998e+01
  -8.1219232079980284e+00
   4.7425383600000002e+00
   1.4821546655998375e+01
   2.3203459103999997e+01
   2.7932160479999226e+01
   3.1648072679999846e+01
   2.8615760039999994e+01
   2.4157322279998336e+01
   1.3730399424000000e+01
   7.9911268079722952e-01
  -1.4482032431999999e+01
  -2.8284298391997794e+01
  -3.4059819191999999e+01
  -3.1023221375999999e+01
  -1.7811305063997487e+01
  -6.4340275439999992e+00
  -2.0239991351994666e+00
   1.3815415151999999e+00
   7.0758881760014676e+00
   1.5657453503999999e+01
   1.6367332128000580e+01
   1.1199135527999690e+01
   1.1759759423999999e+01
   7.1124184319981065e+00
  -3.8837373120000001e+00
  -1.7630222568001738e+01
  -2.3221179407999998e+01
  -2.4213106848000269e+01
  -1.6531679640000000e+01
  -5.4818529360025501e+00
   1.0090426416001893e+01
   1.8447458567999998e+01
   2.5482229920001121e+01
   2.8569310895999998e+01
   2.0616511103997873e+01
   6.2383700399999995e+00
  -7.1533652399981449e+00
  -1.4340111576000000e+01
  -1.2270815927999998e+01
  -9.6563794320001168e+00
  -1.0662082031999999e+01
  -1.2975431784000346e+01
  -1.1944555224000000e+01
  -6.6549285599991492e+00
  -1.7040286367999997e+00
  -2.7367232087994355e+00
  -4.9721797440003082e+00
  -5.5573323119999998e+00
   1.3152982584019628e+00
   9.7072876319999999e+00
   1.0656483096000116e+01
   9.2336075999999991e+00
   2.6395026504011514e+00
  -2.1458696951999996e+00
  -5.7562471679993035e+00
  -8.1639751200003481e+00
  -1.1568186167999999e+01
  -1.5117440183999808e+01
  -1.5640231655999999e+01
  -1.7267265455999691e+01
  -1.2967784928000000e+01
  -5.4615939840011203e+00
   3.4122983999999995e-02
   3.1600101120000001e+00
   2.7139553615998606e+00
   1.8133377192000000e+00
  -1.6699342464000346e+00
   1.4865399191999999e+00
   4.5596243280002708e+00
   5.3535642719999998e+00
   4.3550796240002319e+00
   6.6596851440004246e+00
   7.0939407839999999e+00
   5.8445511600000382e+00
   5.3124358559999996e+00
   2.4792911639993429e+00
  -2.5315096464000000e+00
  -6.1186710479997286e+00
  -7.9878037679999991e+00
  -8.2691454720002699e+00
  -7.9395694559999219e+00
  -6.0074380800000000e+00
  -6.1004870640003084e+00
  -7.5860482320000004e+00
  -8.0995351919994594e+00
  -3.7507515695999998e+00
   9.0912307919906488e-01
   6.4721922720000000e+00
   1.0051767096000001e+01
   9.0913698959988398e+00
   1.7029799471999998e+00
  -6.8374523280014685e+00
  -1.2534116615999999e+01
  -1.3121220503999382e+01
  -7.2300501839999987e+00
  -4.9077204959999223e+00
  -3.4053041735995087e+00
  -3.1693799255999999e-01
   1.0096666775998531e+00
  -8.1308335919999997e-01
  -3.5841443904004366e+00
  -4.7018388479999995e+00
  -7.1579904480089640e-01
   1.9448358215999999e+00
   3.9835482959997295e+00
   4.6496555279998839e+00
   2.1927925656000000e+00
  -3.8857427280011980e+00
  -8.1206055839999998e+00
  -5.9824109519994586e+00
  -3.2713613183999999e+00
  -1.2138303912003747e+00
   1.1570137488000001e+00
   3.6885585575999995e+00
   3.1105849151999925e+00
   3.7559192831999999e+00
   1.7214170231995323e+00
   1.5171068639999998e+00
   2.9004030216001930e+00
   3.9155457600000001e+00
   5.5461151199996133e+00
   5.5351954559994976e+00
   4.5573175199999998e+00
   1.0385299848001120e+01
   1.5154449575999999e+01
   1.8080973624000464e+01
   1.9114342464000000e+01
   1.6607568600000270e+01
   1.5927342311999999e+01
   1.6561768607999497e+01
   1.9530870072000617e+01
   2.4953364239999999e+01
   2.8791823199999961e+01
   2.7931117199999999e+01
   2.5556233247999188e+01
   2.0575684079999998e+01
   1.9320193199999999e+01
   1.4833115471999999e+01
   1.0202242847999999e+01
   4.3919962799982990e+00
  -2.4573548496000002e+00
  -4.3578385200002705e+00
  -4.3067371200000002e+00
  -5.9388173039915759e-01
   3.2458133231999997e+00
   8.6692858560086938e-01
  -3.9417552720010427e+00
  -1.1733476496000000e+01
  -1.3492176095999922e+01
  -1.4365030511999999e+01
  -1.3483609607999576e+01
  -1.1237624831999998e+01
  -8.1142338480006941e+00
  -2.4132716327999999e+00
   4.5391876319989182e+00
   9.3551110800003077e+00
   9.3624179039999991e+00
   8.6018706479999612e+00
   8.0772746879999993e+00
   6.7397472239996130e+00
   2.7343688735999998e+00
  -3.4951522199991456e+00
  -3.3350670863999996e+00
  -2.8775470751999999e+00
   3.3715880688076888e-01
   4.9990268159999998e+00
   7.0293694799997297e+00
   3.5588120064000002e+00
  -2.8637583912009696e+00
  -8.2490681279999993e+00
  -1.3614255311999342e+01
  -1.2681238415999534e+01
  -1.0700528832000000e+01
  -9.9382814160001924e+00
  -1.0842140568000000e+01
  -1.1052469679999884e+01
  -8.3572253520000004e+00
  -5.4568760400002319e+00
  -5.5278229439999995e+00
  -5.1821765519999996e+00
  -6.4196302800001543e+00
  -7.4954335680000002e+00
  -9.7548573360005015e+00
  -1.2855655512000000e+01
  -1.4779073567999882e+01
  -1.3191757824000000e+01
  -1.0533379920000540e+01
  -6.0668548080000004e+00
  -1.7372555591999999e+00
   1.2029227056003979e+00
   3.8725896719999997e+00
   6.6914742720004243e+00
   7.7326715759999995e+00
   6.7021582319997286e+00
   4.7764449600000001e+00
   1.8800060160002239e+00
   2.9553494879999187e+00
   2.6838586655999999e+00
   5.1657390960006184e+00
   8.6165577119999988e+00
   1.3216414008000308e+01
   1.3325575872000000e+01
   1.1039996688000425e+01
   7.7539738079999996e+00
   5.0699350799999996e+00
   7.7058167760002698e+00
   7.8305544239999998e+00
   6.2054526239996903e+00
   4.3991678639999998e+00
   3.9119213280001155e+00
   3.9641355599999999e+00
   2.7727774200001352e+00
   1.3334930616000000e+00
   1.3344575159999998e+00
  -3.5197937208097874e-01
  -6.0780990479999994e+00
  -1.0142451312000928e+01
  -1.5159971231999998e+01
  -1.7779202952000347e+01
  -1.9263407856000423e+01
  -2.0564293007999613e+01
  -1.9691604743999999e+01
  -1.8608409624000000e+01
  -1.0454392031995710e+01
   5.7708994559658799e-01
   6.5289698879999998e+00
   9.2073478559994975e+00
   5.1151593360022414e+00
  -1.4279044919999999e+00
  -6.5700905759999992e+00
  -7.1870709120002321e+00
  -9.6256529039986471e+00
  -1.2224687496000000e+01
  -1.1098690847999999e+01
  -7.3271061359994203e+00
  -6.0602628239999996e+00
  -3.7709575848000001e+00
  -9.5221788478207101e-02
   4.0252563119988407e+00
   6.5950172399999989e+00
   8.5348611600000002e+00
   6.5066784719988009e+00
   3.4591269887999996e+00
   6.2760904080000002e-01
   6.9166643280013129e-01
   9.6682419119967156e-01
   3.7346359847999997e+00
   3.0125146631999997e+00
   3.2892794592000962e+00
   3.0364177536000616e+00
   4.3743339359999993e+00
   4.6644894239996519e+00
   4.1796424320000769e+00
   3.0613405536000000e+00
   8.6194209359999996e-01
  -1.4623582344005215e+00
  -3.4397915327990494e+00
  -5.5395772319999992e+00
  -5.0652016799999995e+00
  -4.2100482479996524e+00
  -4.3210648319999994e+00
  -3.3983559287999996e+00
   5.3488270080115918e-01
   5.0651823599979124e+00
   9.8454719999999991e+00
   9.8295948239999991e+00
   6.2532039359976421e+00
   4.8195401519999997e-01
  -1.5970491600000001e+00
  -5.2403683919852007e-01
   4.0934365919982998e+00
   8.1944659439999992e+00
   1.0454705016000000e+01
   1.0073096375999691e+01
   9.5934194160000388e+00
   9.9617011199999990e+00
   8.8591048559993428e+00
   6.8685343440008495e+00
   3.7645982135999998e+00
   8.8941667919999989e-01
  -2.4721620840011203e+00
  -4.0305577200000000e+00
  -3.7230764424000000e+00
  -3.5943036191999997e+00
   1.3450220784024614e+00
   7.3686325439999996e+00
   1.1512513655999999e+01
   1.3723695384000386e+01
   1.2753924120001468e+01
   3.7856678327999997e+00
  -5.4748359119999996e+00
  -1.9026672168004247e+01
  -2.8131801767999995e+01
  -2.9078149463999996e+01
  -2.0968718567996483e+01
  -1.0456590648003980e+01
  -6.9515407919999994e-02
   4.9738876319999994e+00
   6.8600837760002316e+00
   8.0248749839992275e+00
   1.1039192975999999e+01
   1.1802873935999999e+01
   1.0867156104000772e+01
   4.8813448319999999e+00
  -1.1335546319999998e+00
  -4.8685240800010048e+00
  -7.3413024719991489e+00
  -9.7626703440000000e+00
  -7.0513479119999998e+00
  -2.9472165407987672e+00
  -4.5918230399999996e-02
   3.7989286943999998e+00
   5.5679428560004629e+00
   5.9964681840001930e+00
   5.0713454400000000e+00
   2.9240236535999999e+00
   3.5360441591877007e-01
  -4.3131861359999997e+00
  -8.2713672719999991e+00
  -7.2740727359993427e+00
  -5.8776849600003862e+00
  -4.7963870640000001e+00
  -5.2735910639999997e+00
  -6.4022152320006178e+00
  -7.6399123919998067e+00
  -5.9864063279999993e+00
  -4.1199861359999996e+00
  -4.7055985199997679e+00
  -4.7011626479999995e+00
  -5.3981084639999999e+00
  -6.5580542160002695e+00
  -5.5713547680009263e+00
  -3.2526734687999999e+00
  -2.8961901023998764e+00
  -2.8072848720000927e+00
  -3.3731120303999993e+00
  -4.4251571279999995e+00
  -6.0011011200008495e+00
  -7.0836470880001157e+00
  -4.8966926399999995e+00
  -2.9141399279999995e+00
  -2.2672928040000038e+00
  -1.8419378879999999e+00
  -4.3174635839999992e-01
  -1.7626671552000888e+00
  -1.2623773008002550e+00
  -8.5052320079999999e-01
   1.0999277855999998e+00
   2.8156237704008502e+00
   5.5263584879991106e+00
   5.5524211679999995e+00
   2.1928868471985314e+00
  -1.8281028359986666e+00
  -5.5492179119999996e+00
  -7.5797112719999991e+00
  -9.0747624240001539e+00
  -6.3165464880019710e+00
  -1.9825183224000000e+00
   1.7218219704011011e+00
   4.4357869920004633e+00
   3.9234746879999998e+00
   1.5765425256000001e+00
  -2.2513236648005717e+00
  -2.1575204280003670e+00
  -3.2861353223999994e+00
  -6.6039508079999996e+00
  -1.0557012144000192e+01
  -9.3138783359999984e+00
  -5.8913944320000002e+00
  -1.5153761783990263e+00
  -1.5097776288184544e-02
   3.7276301664000000e-04
  -6.8892531120000000e-01
  -2.3603676768008306e+00
  -3.9074699999998068e+00
  -4.9748149919999998e+00
  -7.3905452880004630e+00
  -7.8147893040001541e+00
  -6.3600705839999989e+00
  -4.0626946079999993e+00
  -3.2269094759992658e+00
  -7.7774166961354724e-02
   2.8761587399999997e+00
   4.0698739200002318e+00
   4.3344033599996905e+00
   3.2234747663999999e+00
   2.2362134928000001e+00
   3.1042838904007457e+00
   5.1171608879994590e+00
   5.4284833679999993e+00
   4.5535037520000001e+00
   3.7717667063993585e+00
   1.1926421471999999e+00
  -5.4783830639999997e-01
  -2.4307716887999571e+00
  -5.8066762320104326e-01
   3.2965418471999999e+00
   5.3902684079999998e+00
   5.7150221519998841e+00
   3.7717566600011625e+00
   1.5363395375999997e+00
  -1.0268355888009737e+00
  -2.4568200719999687e+00
  -2.8022427383999999e+00
  -3.3569303711999998e+00
  -1.4935082567993507e+00
   2.2549593023521712e-02
   3.3339816888000001e-01
  -3.6225544823984501e-01
  -3.4439379912041074e-01
  -9.5955639359999989e-01
  -5.2836992879999989e-01
  -1.8954631752006761e+00
  -3.4312772087996324e+00
  -3.4322107511999995e+00
  -1.5002833943999998e+00
   2.3131735536012168e+00
   5.3542288799999991e+00
   9.8393939279999998e+00
   1.1085499152000230e+01
   1.1971784831999614e+01
   1.1607177792000000e+01
   9.8151357359999984e+00
   7.6646806319998833e+00
   7.9409798159998068e+00
   9.3777657119999986e+00
   9.4188786719998827e+00
   9.7431146399997282e+00
   1.0360187711999998e+01
   9.2521702559999994e+00
   7.0836779999993809e+00
   5.7101766960004250e+00
   4.6228045919999996e+00
   4.1584561200001158e+00
   3.7087541399996251e+00
   3.4530075719999997e+00
   4.3074094559999994e+00
   4.7464371360003081e+00
   5.3957977919998452e+00
   4.9880337360000002e+00
   4.9801473119999997e+00
   5.9520940079998832e+00
   6.2391312479999996e+00
   7.3037482559999987e+00
   6.3607970159994194e+00
   4.5392030880006562e+00
   4.9519517039999998e+00
   4.7745631919999996e+00
   3.1047406151996326e+00
   2.1584586072004210e+00
   6.8776379279999988e-01
  -4.1933712240281681e-02
  -3.0365904744006988e-01
  -6.1972068479999998e-01
  -1.6744493304000001e+00
  -3.4606103784002551e+00
  -3.2341169952004600e+00
  -3.7980797735999999e-01
   1.6970139312003321e+00
   1.4822582207992272e+00
  -6.8976225359999999e-01
  -1.4377619423999999e+00
  -1.2269312831997488e+00
  -5.3714198160014293e-01
  -1.7105143607999997e+00
  -3.5350059024000000e+00
  -2.1674644319989143e+00
   5.4412500239999995e-01
   2.4505159559999998e+00
   3.0727521047997097e+00
   2.7846043511998646e+00
   3.0255811655999998e+00
   2.8246446648000001e+00
   2.0097985487996830e+00
   8.1953044320057178e-01
  -1.3338891215999999e+00
  -1.9171154855995285e+00
   2.7873543599896328e-01
   3.9459747599999995e+00
   5.6887199040000000e+00
   4.5512355839990724e+00
   3.2532515231999146e+00
   2.6271749448000001e+00
   1.4428991303997680e+00
   2.5517183663909465e-01
  -1.4561889719999999e+00
  -1.6433348567999999e+00
  -1.6900761191998415e+00
  -1.6931812295997528e+00
  -1.7634341592000000e+00
  -1.6958072040000001e+00
  -1.6570655807999382e+00
  -8.4813718079999989e-01
  -9.2048942159999994e-02
  -2.8598542056043047e-01
  -2.1234492215993312e+00
  -1.8632822376000000e+00
  -1.1213981015999999e+00
   1.0224302424004983e+00
   1.4476105056000772e+00
   1.2861629255999998e+00
   2.3003682576003710e+00
   2.3170375536003127e+00
   1.6941715728000000e+00
  -2.0511646007999999e-03
  -1.6514604623998761e+00
  -1.4333886671998917e+00
  -2.0514775847999998e+00
  -1.9464177432002085e+00
  -1.9819035599995363e+00
   1.1596590431999999e-01
   2.9798209727999998e+00
   3.6916161407997174e+00
   2.6486676720005797e+00
  -9.7376316239999994e-01
  -3.8180736551999996e+00
  -6.0685124640006185e+00
  -7.4687371919999999e+00
  -9.7072026240000007e+00
  -1.0726042823999537e+01
  -9.1435609440005408e+00
  -7.5007349759999995e+00
  -6.2707464959999992e+00
  -4.5997017359991501e+00
  -3.2326050120000960e+00
  -2.3398884768000001e+00
  -1.7363401776003129e+00
  -2.0965604184000695e+00
  -2.4548714567999999e+00
  -3.1275888336000000e+00
  -3.6080358887997410e+00
  -2.5583149872003319e+00
  -1.9311731039999998e+00
  -1.6467116063999767e+00
  -2.0569165512002434e+00
  -2.4323771808000001e+00
  -1.7689635431999999e+00
  -3.0275463959948762e-01
   8.1619233359974108e-01
   7.9117641120000004e-01
  -1.1672417568000000e+00
  -3.2691449280002045e+00
  -2.4842529264000000e+00
  -3.8247997199999995e-01
   7.5578101200035930e-01
   1.3424764751999612e+00
   9.0544068719999993e-01
   3.1278442439999998e-01
  -7.3719555840025108e-01
  -1.5947748095995864e+00
  -2.5186193423999996e+00
  -3.1574135040002278e+00
  -3.5907205319999496e+00
  -3.0269849568000002e+00
  -2.6358353279999998e+00
  -1.7656134551994629e+00
   4.1015703119903785e-01
   3.1380428856000000e+00
   4.8555217200001159e+00
   4.6973991119998066e+00
   3.7345123367999999e+00
   2.7349940687999998e+00
   3.1225694976003284e+00
   3.2331853848003087e+00
   1.1796177623999999e+00
  -7.4097029999999997e-01
  -1.6886325287999806e+00
  -6.8344809119999994e-01
   2.2023872640000000e+00
   3.6739503192004248e+00
   4.8591538799995355e+00
   5.6384685840000000e+00
   6.1500583200000003e+00
   6.2070407279993045e+00
   3.5710701600010739e+00
   1.2648591479999998e+00
   8.8347230159998835e-01
   2.0341707287992579e+00
   3.4175302559999996e+00
   4.5276535920000001e+00
   5.4246502799998062e+00
   4.9895368320001152e+00
   4.1011259520000003e+00
   3.4747468224000695e+00
   3.1671890375995440e+00
   1.8144408912000001e+00
  -2.1012517007999998e-01
  -3.5340955440008344e+00
  -5.3768796479994592e+00
  -6.3488649839999995e+00
  -5.0794018799999998e+00
  -4.1234830559999232e+00
  -3.9484245359999997e+00
  -5.3013693599999998e+00
  -6.3460519919999223e+00
  -5.2756544400006176e+00
  -4.7279285759999992e+00
  -3.9580806719999995e+00
  -2.8985935103996754e+00
  -1.5975731184006490e+00
  -9.2363742240000002e-01
  -1.1741042208003631e+00
  -2.6991979727993352e+00
  -4.4931171599999997e+00
  -5.9112167519999996e+00
  -6.2314534799998835e+00
  -5.1607313520006182e+00
  -3.3658708943999995e+00
  -9.5109732479922704e-01
  -6.1257498960062984e-01
  -2.5173079008000001e+00
  -4.1009868479999998e+00
  -3.8411282111999530e+00
  -4.2381820319996519e+00
  -5.4550019999999995e+00
  -5.8679785920000000e+00
  -4.6931989439992270e+00
  -2.3040877439999998e+00
  -9.9346144799999991e-01
   2.3736026495997486e-01
   4.7252469599979130e-01
  -9.9808472399999992e-01
  -2.4036143375999997e+00
  -2.0412360527996674e+00
  -1.0488572976003514e+00
   5.3680697280000000e-01
   3.2705452416009813e+00
   5.6855205119992274e+00
   6.0167735039999997e+00
   3.4914153455999997e+00
   1.7019826487997181e+00
   1.1767305816001894e+00
   1.9677292487999998e+00
   3.1884646079999768e+00
   3.2199956207999652e+00
   2.7936082440000001e+00
   2.1891391535999998e+00
   7.9176528479968700e-01
   3.1335842160006377e-01
  -2.9009470728000000e-02
  -7.8411147359999989e-02
   7.0684383840028975e-01
   1.9823649215999999e+00
   3.4238185295999997e+00
   4.6403780640001546e+00
   4.2372430800003480e+00
   2.9340913055999995e+00
   4.3635417839999996e-01
  -2.3229676344007997e+00
  -3.8424203327997524e+00
  -3.6412411728000000e+00
  -2.6884923743994937e+00
  -1.7102523816002704e+00
  -1.1700559079999999e+00
  -1.3577779152000000e+00
  -2.8666764840002741e+00
  -3.3924652607999151e+00
  -1.9296928055999998e+00
   6.5891594160697065e-02
   1.9793498424006066e+00
   3.0826168967999998e+00
   2.7444199103999996e+00
   1.3101993239990879e+00
  -1.0095720095993546e+00
  -1.2549047111999998e+00
  -1.6693063464000000e+00
  -1.1269386911995942e+00
   1.7828302800000001e-01
   1.5348225311999999e+00
   1.7170599767998724e+00
   1.5186258023999843e+00
   7.6181078399999991e-01
  -1.6802345111999997e+00
  -3.1703331744001200e+00
  -2.3890876296005912e+00
  -1.0354380120000000e+00
  -5.3991053759990337e-01
  -1.4420146608025966e-01
   1.3984639031999999e+00
   1.8733603223999997e+00
   1.2907827239997798e+00
   1.1148115271998145e+00
   2.0947682951999997e+00
   2.8804528032001619e+00
   2.4949113839994550e+00
   8.6705261999999994e-01
  -1.6290751511999999e+00
  -2.6454149567997796e+00
  -2.6983710767997255e+00
  -2.6429709767999996e+00
  -2.3843986656000000e+00
  -1.9324938191996368e+00
  -7.4594133599999990e-01
   1.2363694895999999e+00
   3.1062437112003209e+00
   3.3789335328002044e+00
   2.3388196943999997e+00
   6.9819156959999995e-01
  -6.8322320640038248e-01
  -2.2649315136070403e-01
   2.8763967623999998e+00
   6.4771922880009276e+00
   8.4754869359995357e+00
   8.2891262159999997e+00
   5.8775497200000002e+00
   4.3206977519991883e+00
   1.5706460616010549e+00
  -8.7950088240000002e-01
  -3.0620067072006605e+00
  -4.1450519039999225e+00
  -3.1324481999999998e+00
  -6.4353876719999992e-01
   2.3879744112007764e+00
   4.2123241439994592e+00
   4.5405323040000001e+00
   3.7945523280000000e+00
   2.5926829487991925e+00
   3.5038643807999997e-01
  -1.9800248832000000e+00
  -3.2570811336000460e+00
  -2.6185288584005022e+00
  -1.1026619519999998e+00
  -6.7031396879999997e-02
   8.2990451040045599e-01
   2.0680645775995825e+00
   3.3183954719999997e+00
   4.1647892159998454e+00
   3.5545774488003286e+00
   1.8347095032000000e+00
   6.5816980319999996e-02
  -1.2955547640001466e+00
  -1.3066278288001005e+00
  -1.0920823199999998e+00
  -1.0966812528000462e+00
  -9.6772643519979906e-01
  -4.6728395280000001e-01
   6.6523435440000001e-01
   2.5793026896007030e+00
   3.7682083487998801e+00
   3.2849765087999994e+00
   1.3783050287999998e+00
  -1.9865349504015570e-01
  -6.7248244559999992e-01
  -1.3489073303999999e+00
  -1.7640987672000268e+00
  -1.5852573912001582e+00
  -9.3443343839999993e-01
  -5.0931577200000000e-01
   5.0839266240052550e-01
   2.1069078239994665e+00
   2.7901012775999998e+00
   3.5676918648001386e+00
   3.5714917224000926e+00
   2.5653370343999997e+00
   1.2392721264000000e+00
   6.4830655679972948e-01
   8.2173485520101619e-02
  -6.0397140719999999e-02
  -3.1776415439993311e-01
  -1.1646891983992967e-01
  -1.0241311752000000e+00
  -1.2910311792000000e+00
  -2.2741220375995983e+00
  -2.8399028279999845e+00
  -2.6612210351999996e+00
  -2.9689681559999999e+00
  -3.0225811560002396e+00
  -1.2956583192000000e+00
   1.4345845752000000e-01
   5.8392999840004245e-01
  -8.7796223759923486e-01
  -2.9201271959999997e+00
  -4.0579225679999995e+00
  -5.4646658639994969e+00
  -5.5198090080001156e+00
  -4.9154253119999991e+00
  -4.4245543439998833e+00
  -4.1424359760000380e+00
  -4.6071322079999995e+00
  -5.6917260959999991e+00
  -7.0638015839995365e+00
  -6.7534914720003858e+00
  -5.3698278479999990e+00
  -3.6277847927992966e+00
  -1.9522230168004326e+00
  -5.8936819199999990e-01
  -1.4113998023999999e-01
  -1.2958356768000037e-01
  -5.2781892239978356e-01
  -1.3102371911999999e+00
  -6.9118806960000001e-01
  -5.8180286640419625e-02
   1.9105605959999998e+00
   2.5628188655999997e+00
   2.6307224831999805e+00
   2.2657688424001852e+00
   2.2598743103999999e+00
   2.7932446415999999e+00
   2.4157376376003166e+00
   1.9720893864002200e+00
   1.5700606656000000e+00
   1.3599672575993276e+00
  -3.0438629087957841e-01
  -1.7008230623999998e+00
  -3.1058797223999997e+00
  -3.8586715439998955e+00
  -4.2659989679998844e+00
  -3.8556572376000000e+00
  -3.1606870847995205e+00
  -1.7247991824004711e+00
  -1.1902078271999998e+00
  -1.1528487431999999e+00
  -2.3847112631996170e+00
  -2.9237373311997024e+00
  -3.7964796911999996e+00
  -3.9791201519999997e+00
  -3.3092358600003089e+00
  -2.8798314719999998e+00
  -2.2354244639999998e+00
  -1.6902496128002200e+00
  -1.3243210848000309e+00
  -8.7689731920000002e-01
  -1.1052392400000000e+00
  -1.6001890463998645e+00
  -1.7652054168000078e+00
  -1.4090126232000000e+00
  -1.1658155544000850e+00
  -1.0960773096001275e+00
  -1.2446995007999999e+00
  -9.2860845839999995e-01
  -7.3977052799986476e-01
  -6.9837085920014297e-01
  -4.9905801119999993e-01
   3.7168264224047992e-01
   1.3904692871997255e+00
   2.6497542288000000e+00
   3.0993174911999999e+00
   2.7351231264002123e+00
   2.2367401560001041e+00
   2.0999951279999998e+00
   2.0156942399999997e+00
   2.2031129231997411e+00
   3.7295463239999997e+00
   4.7602354799999995e+00
   4.7872332479999997e+00
   4.2577802400004252e+00
   3.0706520207999994e+00
   1.9932092375999999e+00
   1.2847440648002280e+00
   9.1696081680016994e-01
   3.3801537840000001e-01
   4.4548712880008112e-01
   6.7545154319989564e-01
   8.8838344559999993e-01
   9.4081444799999991e-01
   1.0123061759999730e+00
   1.3833830975999650e+00
   1.1703947807999999e+00
   1.5339778608003012e+00
   2.4301468799996675e+00
   3.3914459375999995e+00
   4.9429872240000003e+00
   5.3689236720001157e+00
   4.5506096160003082e+00
   3.4176585407999998e+00
   2.8873705223999999e+00
   2.2115121000003746e+00
   9.6441189599999999e-01
   9.7618048079999997e-01
   1.1295917135999380e+00
   1.4461900991999110e+00
   8.4469976639999989e-01
   2.2094371319999997e-01
   1.5996616103997563e-01
   3.2336019240003594e-01
   6.5921346959999993e-01
   1.0771603247998878e+00
   9.7826588159998062e-01
   4.8413060639999994e-01
   3.8152486847999996e-02
   4.9860205919973721e-01
   8.6845331999995745e-01
   1.0886085839999999e+00
   1.6247266056001815e+00
   2.2128517487997987e+00
   2.6430111624000001e+00
   2.1359318735999997e+00
   1.1734913904003053e+00
   1.8595743432033499e-01
  -7.1349300959999995e-01
  -8.2355325359999987e-01
  -6.5318022000001164e-01
  -3.1249408343999996e-01
   1.3695414767999997e-01
   2.3540148744008116e-01
  -3.9390156959984546e-01
  -1.1149931352000000e+00
  -2.0051478384000001e+00
  -2.4075942575998801e+00
  -2.4011838816001156e+00
  -2.2206887136000000e+00
  -2.0095779143999728e+00
  -1.8243319584000848e+00
  -1.2868317839999999e+00
  -1.8091514615999997e+00
  -1.5815220623999962e+00
  -1.2157627776003554e+00
  -1.1737537560000000e-01
  -4.5503623199874027e-02
   5.8240565039969860e-01
   1.5249001656000001e+00
   1.2814546415999999e+00
   6.2074928160027432e-01
  -7.7415819599943980e-01
  -1.4922049296000000e+00
  -1.8004528247999998e+00
  -8.4615185760045197e-01
  -2.6352970727999997e-01
   4.3014898080000002e-01
   1.4575413719996984e+00
   1.8566326799999997e+00
   2.0204063879999996e+00
   2.5029616415999998e+00
   3.1592744063998182e+00
   2.9937939696002278e+00
   2.1090071351999997e+00
   6.3298888799980291e-01
   7.3510320239977578e-01
   9.8174966399999997e-01
   1.6466366447999998e+00
   2.2010916647998684e+00
   2.1572147856001274e+00
   1.7965497983999998e+00
   2.1467178431997178e+00
   1.4743335432000579e+00
   1.8559317504000001e+00
   1.4066729711999999e+00
   1.6727572847998879e+00
   2.1059445287995362e+00
   2.4865701672000000e+00
   1.8233377511999997e+00
   1.8953940095997410e+00
   1.6745026535999998e+00
   1.0948953120000000e+00
   8.7241507919994965e-01
   1.7278463328330912e-02
  -1.7038957151999998e-01
  -3.0302322624000000e-01
   2.5557145151983307e-01
   4.8817466880192041e-02
  -3.1005199679999995e-01
   1.2964628040010701e-01
   5.4712153439974109e-01
   7.2656723999999995e-01
   4.2142136399999996e-01
   7.8775058879994198e-01
   9.2539631519991494e-01
   1.0044097055999999e+00
   9.3355012799983372e-01
   9.0403419119985307e-01
   8.7541238399999988e-01
   9.9373385999999997e-01
   7.5969060720052550e-01
   4.2245846159982609e-01
  -3.8476378919999998e-01
  -1.2775230216000000e+00
  -1.8542443415998027e+00
  -1.3223844480000000e+00
  -8.9623547999999986e-01
  -5.3218678800021246e-01
  -3.3015070871996599e-01
  -9.4753123919999993e-01
  -7.5983821200000001e-01
  -6.6904271279995364e-01
  -5.8600071600003478e-01
  -5.1235403520000000e-01
  -4.1664275519995358e-01
  -7.1049222719991112e-01
  -8.0738202719999996e-01
  -9.9927290399999991e-01
  -7.0921710720011200e-01
  -8.0046392159994584e-01
  -6.8223827280000005e-01
  -7.1729248080010422e-01
  -6.7148128320020861e-01
   1.9607558879999998e-01
   8.6888376959999991e-01
   1.4146602455998261e+00
   1.3080602136000348e+00
   1.5872604887999997e+00
   2.4000544343999999e+00
   2.4586543127999456e+00
   2.3398305167999998e+00
   1.9296839183999996e+00
   1.5019286856002123e+00
   1.3619463983998570e+00
   1.1720586192000000e+00
   7.3356107999999998e-01
  -9.2034915839949383e-01
  -1.5644192255997988e+00
  -1.8755929415999999e+00
  -1.6505740608000192e+00
  -1.7969311751998878e+00
  -1.8765485087999998e+00
  -1.7841135144000000e+00
  -1.9630395119999573e+00
  -2.0774962152000076e+00
  -1.9267770311999999e+00
  -2.3389788912001275e+00
  -2.4924473111999572e+00
  -2.9614951799999996e+00
  -2.6663644056000000e+00
  -2.0099214240001428e+00
  -9.6283731600054090e-01
   4.7192654879999997e-02
  -9.5229902879999995e-01
  -2.0989101167996598e+00
  -2.8282211832000002e+00
  -2.7548793719999995e+00
  -2.1323375808001894e+00
  -1.6359182952002627e+00
  -1.0317652800000001e+00
  -1.3150382111999999e+00
  -3.7183302912047334e-01
   4.6866456000000001e-01
   5.9587478159999996e-01
   2.1630969528025695e-01
  -3.0349428647976001e-01
  -9.8756382479999982e-01
  -1.4481800592000000e+00
  -2.2456895663998147e+00
  -2.7389674199997600e+00
  -2.6940341231999998e+00
  -2.0142780839997951e+00
  -1.6399646760000230e+00
  -2.3946494711999997e+00
  -4.1662034399999994e+00
  -4.9933660559999229e+00
  -4.4394925680002704e+00
  -3.7086223775999994e+00
  -3.2792705400000002e+00
  -2.7883253832002666e+00
  -2.3784508103999999e+00
  -2.1826727496000000e+00
  -2.4751454783996754e+00
  -2.9123014368001350e+00
  -2.5202820215999999e+00
  -1.8206271551999997e+00
  -8.7179258880017763e-01
  -3.9368325360000000e-01
   1.3681427088000001e-01
   4.9058735039982998e-01
   5.7927233280018930e-01
   6.4164502080000005e-02
   9.2714709359999994e-02
   7.0802622239955948e-01
   2.0878119359995480e+00
   3.1025667287999998e+00
   3.4371991752001967e+00
   4.3418995199995356e+00
   4.6577853840000003e+00
   3.9410752080000000e+00
   3.9135403439999612e+00
   3.5080100664001854e+00
   3.1123789704000000e+00
   2.1394778664000000e+00
   2.0971415639998412e+00
   1.4541858743999998e+00
   1.0221079848000001e+00
   1.6727843327997372e+00
   1.7915354856002395e+00
   6.2353870319999993e-01
   4.9465730159999999e-01
   1.1051225471997874e+00
   7.9857249359999993e-02
   5.0451668399999994e-01
   1.0319105663998223e+00
   1.6051685832000229e+00
  -2.1785981616000000e-01
  -1.1201701224000001e-01
   9.3358374480144515e-02
   1.1798569439995632e+00
   2.3199707159999999e-01
   4.6727545199991111e-01
  -5.0040809279955945e-01
  -7.5899585999999997e-01
  -1.3067282927999999e+00
  -1.3466140464000540e+00
  -7.4869559520027051e-01
  -9.8583545760000002e-01
  -1.2628483223999998e+00
  -1.6950069695998764e+00
  -1.0635064943999999e+00
  -5.6270350079999998e-01
  -9.3174370799991102e-01
  -9.1717874639993047e-01
  -5.5187502719999992e-01
  -5.7073134719999995e-02
   1.0393097399998570e+00
   1.3019809823999998e-01
   2.5949600040000000e-02
  -7.2893393999987632e-01
  -2.8321500984012482e-01
  -3.7459687104000000e-01
  -1.0206184128000000e+00
  -1.9946717615996674e+00
  -2.7851943839998103e+00
  -2.9831297160000001e+00
  -3.6804970943998727e+00
  -3.2144202552001122e+00
  -3.1413755856000001e+00
  -3.0597331295999997e+00
  -3.2042328191999303e+00
   0.0000000000000000e+00
