   0.0000000000000000e+00   1.0000000000000000e+00   0.0000000000000000e+00   0.0000000000000000e+00   0.0000000000000000e+00   0.0000000000000000e+00   0.0000000000000000e+00   0.0000000000000000e+00   0.0000000000000000e+00
   2.6881720430107529e-03  -0.0000000000000000e+00   0.0000000000000000e+00   0.0000000000000000e+00   0.0000000000000000e+00   0.0000000000000000e+00   0.0000000000000000e+00   0.0000000000000000e+00   0.0000000000000000e+00
  -2.6881720430107529e-03   0.0000000000000000e+00  -1.0000000000000000e+00   0.0000000000000000e+00   0.0000000000000000e+00   0.0000000000000000e+00   0.0000000000000000e+00   0.0000000000000000e+00   0.0000000000000000e+00
  -1.0000000000000000e+00  -0.0000000000000000e+00   0.0000000000000000e+00   1.0000000000000000e+00   0.0000000000000000e+00   0.0000000000000000e+00   0.0000000000000000e+00   0.0000000000000000e+00   0.0000000000000000e+00
  -0.0000000000000000e+00   1.7361111111111110e-03   1.0000000000000000e+00   0.0000000000000000e+00  -1.7361111111111110e-03   0.0000000000000000e+00   0.0000000000000000e+00   0.0000000000000000e+00   0.0000000000000000e+00
   0.0000000000000000e+00  -1.7361111111111110e-03   0.0000000000000000e+00  -0.0000000000000000e+00   1.7361111111111110e-03  -1.0000000000000000e+00   0.0000000000000000e+00   0.0000000000000000e+00   0.0000000000000000e+00
   0.0000000000000000e+00   0.0000000000000000e+00   0.0000000000000000e+00  -0.0000000000000000e+00   1.0000000000000000e+00   0.0000000000000000e+00   0.0000000000000000e+00   0.0000000000000000e+00   0.0000000000000000e+00
   0.0000000000000000e+00   0.0000000000000000e+00   0.0000000000000000e+00   2.6881720430107529e-03   0.0000000000000000e+00   1.0000000000000000e+00   0.0000000000000000e+00   0.0000000000000000e+00   0.0000000000000000e+00
   0.0000000000000000e+00   0.0000000000000000e+00   0.0000000000000000e+00  -2.6881720430107529e-03  -0.0000000000000000e+00   0.0000000000000000e+00   0.0000000000000000e+00   0.0000000000000000e+00   0.0000000000000000e+00
   0.0000000000000000e+00   0.0000000000000000e+00   0.0000000000000000e+00  -1.0000000000000000e+00  -0.0000000000000000e+00   0.0000000000000000e+00   1.0000000000000000e+00   0.0000000000000000e+00   0.0000000000000000e+00
   0.0000000000000000e+00   0.0000000000000000e+00   0.0000000000000000e+00  -0.0000000000000000e+00   1.7361111111111110e-03   1.0000000000000000e+00   0.0000000000000000e+00  -1.7361111111111110e-03   0.0000000000000000e+00
   0.0000000000000000e+00   0.0000000000000000e+00   0.0000000000000000e+00   0.0000000000000000e+00  -1.7361111111111110e-03   0.0000000000000000e+00  -0.0000000000000000e+00   1.7361111111111110e-03  -1.0000000000000000e+00
   0.0000000000000000e+00   0.0000000000000000e+00   0.0000000000000000e+00   0.0000000000000000e+00   0.0000000000000000e+00   0.0000000000000000e+00  -0.0000000000000000e+00   1.0000000000000000e+00   0.0000000000000000e+00
   0.0000000000000000e+00   0.0000000000000000e+00   0.0000000000000000e+00   0.0000000000000000e+00   0.0000000000000000e+00   0.0000000000000000e+00   2.6881720430107529e-03   0.0000000000000000e+00   1.0000000000000000e+00
   0.0000000000000000e+00   0.0000000000000000e+00   0.0000000000000000e+00   0.0000000000000000e+00   0.0000000000000000e+00   0.0000000000000000e+00  -2.6881720430107529e-03  -0.0000000000000000e+00   0.0000000000000000e+00
