   2.0000000000000000e-02   4.0000000000000001e-02   5.9999999999999998e-02   8.0000000000000002e-02   1.0000000000000001e-01   1.2000000000000000e-01   1.4000000000000001e-01   1.6000000000000000e-01   1.7999999999999999e-01   2.0000000000000001e-01   2.2000000000000000e-01   2.3999999999999999e-01   2.6000000000000001e-01   2.8000000000000003e-01
  -5.0847508637442804e-06  -1.8678688790235649e-05  -2.8889951276713980e-05  -2.2104405421747874e-05  -4.4493983299905782e-07   2.2165016233110151e-05   3.3192400480568823e-05   2.5847028438797848e-05   3.8005971055615901e-06  -1.5509004749548567e-05  -1.9355230935068848e-05  -1.0313016267318778e-05   4.0586111719110563e-06   1.6145709996482422e-05
   3.7464463490291664e-06   1.4664244719329525e-05   2.3797493967065320e-05   1.8283169409930583e-05  -1.6658313376361792e-08  -1.7919954549946006e-05  -2.6626364133593990e-05  -2.1426038048609600e-05  -3.1183450200304759e-06   1.3393217039760213e-05   1.5571842963315094e-05   7.9130270259331444e-06  -2.7355072842312739e-06  -1.3150064014484260e-05
   7.4928939247650777e-06   2.9328488963429819e-05   4.7594986814483906e-05   3.6566337682727404e-05  -3.3316657318798141e-08  -3.5839908312844840e-05  -5.3252727158873287e-05  -4.2852074742689891e-05  -6.2366905175057432e-06   2.6786433068982053e-05   3.1143685056422000e-05   1.5826053742229905e-05  -5.4710144894575928e-06  -2.6300127227143177e-05
   1.8062376726037323e-03   8.6362124279886106e-03   1.5835124855096673e-02   1.2282545147285223e-02  -6.0634406961362843e-04  -1.1399029364527188e-02  -1.6606434680663043e-02  -1.4466997587663507e-02  -2.0558393220036289e-03   9.8720778841563297e-03   9.7843581626081543e-03   4.3611061096112758e-03  -8.7617982553210658e-04  -8.5177561061021111e-03
   1.2980313873242915e-05   5.4216829235949557e-05   9.1946476350509144e-05   7.0894832654350772e-05  -1.3601753765848103e-06  -6.8094290180347852e-05  -1.0045775756958090e-04  -8.3240727884009572e-05  -1.2006690783708445e-05   5.3837409255318788e-05   5.8908224305517647e-05   2.8605009011959752e-05  -8.5140832299052914e-06  -5.0301945952603336e-05
  -1.1843870852422765e-06   2.1833508577636401e-06   1.1467364306854390e-05   9.3183124005952586e-06  -2.5996525869013350e-06  -6.3489122617742760e-06  -7.9932463480821715e-06  -1.1238336691615377e-05  -1.4192999785944533e-06   1.0633790091681365e-05   4.9901070337302672e-06  -1.2410124516272813e-07   2.7920494741819988e-06  -5.3246361112135472e-06
   1.8263993934129238e-03   3.9189698745964148e-03   2.6065378421984715e-03   1.7618721097015944e-03   1.2256932667552532e-03  -3.0456366418226233e-03  -5.2075463009716785e-03  -1.9140176072358910e-03  -3.8102313497908919e-04  -5.1286895347284721e-04   2.8961166871085877e-03   2.7315461724945868e-03  -2.2464140839708554e-03  -1.9196689679892701e-03
  -4.2368401077346162e-06  -1.3760232157237938e-05  -1.9049453679375202e-05  -1.4424939843629919e-05  -1.0597226259752945e-06   1.5291199383907062e-05   2.3316775404344318e-05   1.6772826087785635e-05   2.5306869297783958e-06  -8.9903167146794648e-06  -1.3505698373935295e-05  -7.9644105955996332e-06   3.8915496990799988e-06   1.0945408406775815e-05
  -2.1184197617217728e-06  -6.8801165717433185e-06  -9.5247266500746036e-06  -7.2124698399486713e-06  -5.2986170954127323e-07   7.6455998569371111e-06   1.1658388128404852e-05   8.3864129121987860e-06   1.2653431402262194e-06  -4.4951578267350390e-06  -6.7528495008875715e-06  -3.9822057818297275e-06   1.9457754066607408e-06   5.4727043388473925e-06
  -5.8414113091439829e-04  -1.2509146541204964e-03  -8.2671520690917035e-04  -5.5798616334783765e-04  -3.9296434623865210e-04   9.6969946681559798e-04   1.6595378187619671e-03   6.0558287902935052e-04   1.2098624375999468e-04   1.6946023535232305e-04  -9.2264509547293938e-04  -8.7276231209767346e-04   7.1917420621213715e-04   6.1050517008781559e-04
