   2.0000000000000000e-02   4.0000000000000001e-02   5.9999999999999998e-02   8.0000000000000002e-02   1.0000000000000001e-01   1.2000000000000000e-01   1.4000000000000001e-01   1.6000000000000000e-01   1.7999999999999999e-01   2.0000000000000001e-01   2.2000000000000000e-01   2.3999999999999999e-01   2.6000000000000001e-01   2.8000000000000003e-01
  -1.9169510756315938e-02  -7.0418656739188401e-02  -1.0891511631321171e-01  -8.3333608439989479e-02  -1.6774231704064480e-03   8.3562111198825270e-02   1.2513534981174446e-01   9.7443297214267879e-02   1.4328251087967194e-02  -5.8468947905798097e-02  -7.2969220625209552e-02  -3.8880071327791796e-02   1.5300964118104683e-02   6.0869326686738730e-02
  -3.2076336875519473e-07   1.2426452311586900e-07   2.9276895929797320e-07   2.9734152739990805e-07   7.9925190615143249e-09  -2.0579971682366249e-07  -2.8980582023052648e-07  -3.5418683985710686e-07   1.2484385569777601e-07   2.6423894183835728e-07   2.2754493755883232e-07   8.0964753124135314e-08  -2.0658478927515489e-08  -2.0966396263588649e-07
   2.9389004800226672e+00   1.1503366521548999e+01   1.8667943556926474e+01   1.4342231648936993e+01  -1.3067629913125132e-02  -1.4057307935105710e+01  -2.0887050764986164e+01  -1.6807654838858120e+01  -2.4461860006506182e+00   1.0506308578362017e+01   1.2215331757482650e+01   6.2073738885637493e+00  -2.1458686477982649e+00  -1.0315567296834253e+01
   2.3134894189932802e+00   1.1061548751515412e+01   2.0282155751902987e+01   1.5731893242814488e+01  -7.7662569583012231e-01  -1.4600256777731905e+01  -2.1270075086815915e+01  -1.8529812743532339e+01  -2.6331875315996478e+00   1.2644486423290232e+01   1.2532132079940610e+01   5.5858500753937754e+00  -1.1222403265357064e+00  -1.0909825945899120e+01
   2.9389002724484299e+00   1.1503366637690402e+01   1.8667943703474812e+01   1.4342231808184307e+01  -1.3067588134646424e-02  -1.4057308066176560e+01  -2.0887050967780890e+01  -1.6807655025338647e+01  -2.4461859000165092e+00   1.0506308676825659e+01   1.2215331914769557e+01   6.2073739795326368e+00  -2.1458687117869304e+00  -1.0315567427296322e+01
  -1.6617945988675606e+00  -5.3971071395443859e+00  -7.4716718883042539e+00  -5.6578219702354833e+00  -4.1564978604545361e-01   5.9975906817761375e+00   9.1454222769619005e+00   6.5787216339509875e+00   9.9259863348451527e-01  -3.5262268275237760e+00  -5.2972725751069838e+00  -3.1238410319807453e+00   1.5263631905006219e+00   4.2930628091870808e+00
   6.8855257131667233e+00   1.4774516427228486e+01   9.8266476650882382e+00   6.6422578535750123e+00   4.6208636156673055e+00  -1.1482050139671292e+01  -1.9632449554663225e+01  -7.2158463792793102e+00  -1.4364572188711662e+00  -1.9335159545926341e+00   1.0918359910399376e+01   1.0297929070304592e+01  -8.4689810965701255e+00  -7.2371520093195496e+00
  -1.6617946876340768e+00  -5.3971069289002385e+00  -7.4716720189546795e+00  -5.6578220515616300e+00  -4.1564960327200384e-01   5.9975906351902797e+00   9.1454221214782674e+00   6.5787217467036072e+00   9.9259876592349428e-01  -3.5262271121632480e+00  -5.2972724626108034e+00  -3.1238408192733269e+00   1.5263629350274857e+00   4.2930627769131764e+00
   1.5279563003733898e-07  -2.5785923707388747e-07   9.9180168522394752e-08   4.2826081347868694e-08  -2.0737546677085383e-07   8.6258895137802938e-08   2.2286777401347990e-07  -6.8885399162610383e-08  -1.6979064759725659e-07   2.7748480868616809e-07  -1.6414872749948017e-07  -2.5311176532483159e-07   2.9133925516511283e-07   7.0827001152906632e-08
  -1.5353680240482708e+01  -3.2879286513235876e+01  -2.1729544908023247e+01  -1.4666217934774918e+01  -1.0328752075057624e+01   2.5487771284907279e+01   4.3619618047394958e+01   1.5917259360204365e+01   3.1800261989431289e+00   4.4541261167548098e+00  -2.4250984944624758e+01  -2.2939856066830778e+01   1.8902916119088093e+01   1.6046637825377594e+01
