0
0
0
0
0
0
0.0104412700000000
0.00788243599999979
-0.00111603400000038
-0.000502777799999599
0.000742738799999900
0.000968826399999865
-0.000595505699999614
-0.000687512499999881
0.00367924199999994
0.00988943100000013
0.0178786100000000
0.00765667899999906
-0.00725489200000021
-0.00111515299999852
0.00477565699999925
0.000894665200000044
0.00731193399999992
0.000635605699999962
-0.00557918400000030
-0.0123440199999997
-0.00271392399999919
0.00534567300000074
0.00529865400000049
0.0101102700000000
0.00846766200000012
0.00294177900000000
0.00403165299999995
0.00173765400000022
0.00744647000000060
0.00791602299999953
0.00431716300000080
0.00728773799999864
0.00479949399999983
0.00599965500000003
-0.000111117299999871
0.00396360899999987
0.00120662900000035
0.00711926299999996
0.00527070700000074
0.0116684699999994
-0.00263669699999935
-0.00741259799999997
-0.0102331700000000
0.00524901000000032
0.000772944699999259
0.00407979800000087
0.00924808299999936
0.00163158199999970
-0.00259353099999982
0.00409352199999977
0.00770736000000000
0.00588722599999988
0.000475238700000302
0.00589237799999968
-0.00363560000000087
-0.00802797099999995
-0.00829662099999954
0.000323174299999721
0.00296840200000014
-0.0316709800000004
-0.0598195900000004
-0.0575582199999980
0.00528445900000740
0.0879118200000047
0.101007699999995
0.0627186000000012
-0.0133037199999988
-0.104532800000000
-0.107194499999999
-0.0285322199999934
0.0611098200000030
0.0771879699999987
0.0469334499999947
0.00112919900000184
-0.0146729800000000
-0.00832135200000000
0.000927746399999992
-0.000738468299999854
0.00276004500000019
0.00809439099999991
0.0207750600000032
0.0451917900000030
0.0561987500000001
0.0299193900000000
-0.0209625600000007
-0.0865049600000022
-0.138755100000002
-0.161678900000001
-0.157867899999997
-0.112026599999991
-0.0459879800000020
0.00170575299999959
0.0403910600000005
0.0782338000000012
0.114685500000002
0.133972400000000
0.119159299999998
0.0857603099999940
0.0277581400000027
-0.0276155299999990
-0.0500759800000000
-0.0509078900000000
-0.0455930699999998
-0.0428017000000004
-0.0528366000000001
-0.0485569599999997
-0.0517127700000033
-0.0861451599999991
-0.138372400000000
-0.164472300000000
-0.132800599999998
-0.0944094899999969
-0.0410657499999945
0.0334947700000101
0.102618600000002
0.100205000000000
0.0664867300000009
0.0287649300000000
0.0121050699999998
-0.00189282200000033
0.00752690400000149
0.0250625600000013
0.0387636800000019
0.0510430299999998
0.0499318000000001
0.0195467900000000
-0.00999239300000080
-0.0393751300000006
-0.0369183399999983
-0.00959147999999692
0.0365942900000067
0.103765500000010
0.167084199999999
0.185167800000000
0.151703699999999
0.0928626799999965
0.00568785399999434
-0.0734560100000057
-0.124054400000003
-0.143434000000000
-0.125504600000001
-0.0675584200000017
0.0166121100000000
0.0838845500000010
0.118722000000001
0.129990500000000
0.128791699999998
0.0963429899999942
0.0374353500000030
-0.0446638199999981
-0.120718700000000
-0.160194100000000
-0.162823100000000
-0.149273899999998
-0.114863399999997
-0.0819961099999965
-0.0449743700000020
0.0102814799999988
0.0429500500000000
0.0501431299999999
0.0345343499999989
0.0125746099999992
0.00686187499999941
-0.00673321700000262
-0.0299480900000022
-0.0468826999999996
-0.0616609300000000
-0.0639924300000000
-0.0487989899999993
-0.0127186699999981
0.0273585000000015
0.0358213800000001
0.0474726200000033
0.0790282299999987
0.0830193200000001
0.0814241800000000
0.0758899999999998
0.0763607900000008
0.0930094000000005
0.0934702699999982
0.0540618699999931
-0.0145858899999967
-0.0867790599999986
-0.126783100000000
-0.128912399999999
-0.0858758599999962
0.0199858800000081
0.122469800000005
0.143339099999998
0.103758399999992
0.0500725500000010
0.0345980900000000
0.0361083500000000
0.0481826800000003
0.0603556200000004
0.0646755299999997
0.0642310500000012
0.0742158099999988
0.0488336200000016
0.0160531200000005
0.0122541800000000
0.00690606099999920
-0.0119156700000008
-0.0283420300000011
-0.0377863100000006
-0.0427925100000000
-0.0344545300000008
-0.00696661900000125
0.0234346800000000
0.0455388500000000
0.0485496399999998
0.0382786599999993
0.0220518099999986
0.00702824899999861
-0.0159767900000044
-0.0498504599999984
-0.0789382400000000
-0.0908619000000000
-0.0859631599999993
-0.0676299299999992
-0.0526110499999990
-0.0380015799999977
-0.00387257199999416
0.0357978599999986
0.0476390100000000
0.0323794700000000
0.00947444399999935
-0.00112679600000041
-0.0187531100000023
-0.0385474300000008
-0.0469933300000011
-0.0536038099999998
-0.0537748900000001
-0.0417781700000000
-0.0139654200000000
0.0213788400000013
0.0460324300000009
0.0658518100000017
0.0823684300000008
0.0853014999999995
0.0800656000000003
0.0630406300000000
0.0299340700000000
-0.00632282200000116
-0.0299684700000008
-0.0398506899999997
-0.0318245399999988
-0.0192864099999986
-0.0100179500000003
-0.00531542300000000
0.00545163200000000
0.0213396000000007
0.0325911400000001
0.0284884299999981
0.00303421199999774
-0.0150974300000015
-0.0251805499999998
-0.0139050900000006
-0.00516593200000000
6.78182600000000e-05
0.00205282500000003
0.00383528900000013
0.00496102899999941
0.000673333400000300
0.0100246100000020
0.0214068799999998
0.0208381000000000
0.00272819300000000
-0.0354935400000008
-0.0433739099999998
-0.0331809199999992
-0.0287815500000001
-0.0291012900000001
-0.0292310100000002
-0.0235212300000000
-0.0221021900000000
-0.00658243399999905
0.0184185600000008
0.0273047700000000
0.0213627199999987
0.00172252599999732
-0.0147733799999994
-0.00772602000000073
-0.00420006700000000
-0.0107985700000000
-0.0215113200000005
-0.0300197399999996
-0.00872120099999700
0.0203036000000018
0.0306417100000000
0.0286654200000003
0.0260344100000000
0.0133773300000000
-0.00987141700000108
-0.0351945000000010
-0.0532763300000010
-0.0604744400000000
-0.0591700300000000
-0.0633875399999996
-0.0715015300000000
-0.0636825800000000
-0.0440359099999988
-0.0109849699999984
0.0166299600000021
0.0383565400000010
0.0509615000000008
0.0464290300000005
0.0413747800000000
0.0175817000000000
-0.0136040200000000
-0.00543828399999945
0.000457879900000380
0.0115926600000016
0.0380374400000024
0.0593281300000023
0.0764669799999993
0.0859981800000000
0.0799275100000000
0.0565055299999985
0.0191097699999989
-0.00999605200000131
-0.0159345000000016
-0.0331591999999987
-0.00798600800000143
0.0143460900000000
0.0206510300000000
0.0222257799999999
0.0148160499999993
-0.0102518100000018
-0.0253089300000004
-0.0273019199999998
-0.0204120900000004
-0.0217250400000000
-0.0322591700000000
-0.0368993400000000
-0.0421887199999996
-0.0316749699999994
-0.00689108599999622
0.0303573700000010
0.0412679500000030
0.0544928599999997
0.0555514900000000
0.0657841700000000
0.0569832699999988
0.0246688999999996
0.0247604299999999
0.0280117400000004
0.0264258699999971
6.25428600012803e-05
-0.0344711600000000
-0.0580879000000000
-0.0565712199999999
-0.0592831400000008
-0.0751271100000003
-0.0691923999999992
-0.0780778600000042
-0.106993699999999
-0.112488000000000
-0.119088400000000
-0.105398300000000
-0.0933783499999997
-0.0850215899999993
-0.0702123499999992
-0.0737070500000010
-0.0927297000000029
-0.0988094100000002
-0.0783517900000000
-0.0496139600000000
-0.0394800899999994
-0.0295447999999998
-0.0151611299999969
0.0206932700000035
0.0604793000000051
0.0968418999999984
0.142457200000000
0.177356500000000
0.189449899999999
0.135923699999995
0.0271058999999925
-0.0384435200000032
-0.0622767200000012
-0.0728057199999992
-0.114644200000000
-0.171978400000000
-0.196308900000000
-0.174452899999998
-0.112425799999997
-0.0579339499999953
0.00525395900000632
0.0749471300000077
0.113212199999999
0.149896400000000
0.172387200000000
0.146499599999998
0.109669100000000
0.117624200000000
0.102843999999997
0.0368069499999823
-0.139483299999991
-0.298043200000000
-0.349466600000000
-0.330354100000000
-0.233808699999989
-0.0988538499999892
-0.0102162199999958
0.0322817000000019
0.0296830900000000
0.0395301900000000
0.117560900000000
0.214968900000000
0.255108000000000
0.235792999999997
0.180225299999993
0.0976053899999915
0.00612096799999290
-0.0518918900000000
-0.0598052200000000
-0.0837229400000000
-0.0768036500000000
-0.0437499899999951
0.00506226700000181
0.00311565499999747
-0.0270030600000014
-0.0129805700000000
0.0560305200000000
0.135438600000000
0.146181600000000
0.0794584399999879
-0.0437390600000080
-0.116958700000003
-0.136470400000000
-0.115272200000000
-0.0158953400000000
0.129474200000000
0.179778300000000
0.111831599999989
-0.00724853900000682
-0.0601811100000025
-0.0728443499999976
-0.0176269599999934
0.0330728000000000
0.0339479600000000
-0.00174657800000000
-0.00974316700000000
0.0260879000000049
0.0723150100000023
0.0900588700000005
0.0930159000000002
0.0870127000000000
0.0486680900000000
0.0191338200000000
-0.0212640800000000
-0.0492785500000014
-0.0534896499999986
-0.0404591799999999
-0.0428488200000000
-0.0398653000000000
-0.0419346600000000
-0.0354536300000000
-0.0212134800000000
0.0116764900000042
0.0717973100000047
0.0996655899999995
0.0772799199999960
0.0208145399999928
-0.0637238700000000
-0.125918600000000
-0.148196600000000
-0.126625200000000
-0.0701462899999953
-0.0151461299999947
0.0447977600000034
0.0639997199999998
0.0667400400000000
0.0851680100000000
0.0771916200000000
0.0431336600000000
-0.0354857500000082
-0.117774600000004
-0.145864600000000
-0.138940299999998
-0.0980687400000000
-0.0147135400000000
0.0550911700000000
0.0765067100000000
0.0568716399999963
0.00357797199999408
-0.0589641400000046
-0.0946040799999999
-0.0744655400000032
-0.0353922500000000
0.00331969600000000
0.0451186000000000
0.0628067500000000
0.0508718099999989
0.0488575400000001
0.0371669199999968
0.00233991199999881
-0.00275131500000000
0.000234617900000000
0.0100816300000000
-0.0108551500000000
-0.0234117699999986
0.0144790600000054
0.0713139000000043
0.109736100000001
0.105994300000000
0.0863428700000000
0.0811152600000000
0.0855975200000000
0.0886063199999987
0.0572559499999941
-0.0260774400000087
-0.114200700000005
-0.156078099999998
-0.146527000000000
-0.0945073700000000
-0.0462699400000000
-0.0235131900000000
-0.00956845299999772
0.0226609000000036
0.0641754400000032
0.0853716699999993
0.0579200300000000
0.00405477600000000
-0.0441411200000000
-0.0622304800000000
-0.0409426199999953
0.0177017400000038
0.0457200800000007
0.0399836799999970
-0.0135895700000000
-0.0657657200000000
-0.0669671900000000
-0.0421403800000000
0.000556596800003318
0.0283510300000007
0.0297938799999993
0.0177166599999978
-0.00468037699999871
-0.00192032000000000
-0.00841019000000005
-0.00457178200000000
0.00295146300000466
0.0374739200000044
0.0899615199999954
0.105721499999998
0.0867650900000017
0.0743327099999998
0.0649482200000000
0.0291741899999921
-0.00561449700000000
0.00113545499999840
0.0208857200000016
0.0338549499999991
0.0578909900000022
0.0685189900000000
0.0620759600000018
0.0687758800000000
0.0816039600000048
0.0933896199999982
0.0623669700000036
0.0164017599999964
-0.0140354899999980
-0.0377186200000013
-0.0481827800000000
-0.0498618699999938
0.00343759200000000
0.0583733300000096
0.114376600000005
0.152731899999998
0.147775199999997
0.0973059100000061
0.0123558299999876
-0.0431151800000000
-0.0549589499999995
-0.0468662100000000
-0.0316494900000019
-0.00605690299999758
0.0171047299999982
0.0276286599999990
0.0144655700000000
-0.0162134000000067
-0.0490103600000000
-0.0623075500000019
-0.0685252199999992
-0.0510093700000022
-0.0217267999999983
-0.0144790599999998
-0.00761161499999910
-0.00322491300000000
-0.0166890000000011
-0.0280651900000000
-0.0357805400000025
-0.0567604200000007
-0.0457515700000018
-0.0405246899999989
-0.0196528800000021
-0.0166307800000015
-0.0321393900000000
-0.0440173899999990
-0.0451099500000000
-0.0378950000000011
-0.0210990799999984
0.000372900599997572
0.0440631200000041
0.0802839700000000
0.0929345100000012
0.0996078700000000
0.106379000000001
0.117348200000002
0.120893300000002
0.0821902799999972
0.0524682200000025
0.0286443299999956
0.00619350700000000
-0.0297938500000060
-0.0467365800000000
-0.0617303200000003
-0.0558061399999991
-0.0432145000000013
-0.0288627799999982
0.00286742299999637
0.0266547200000010
0.0245259100000000
-0.00954505100000561
-0.0316753800000000
-0.0418838899999993
-0.0525143600000029
-0.0930609799999960
-0.113104899999999
-0.104743100000000
-0.0623750999999950
-0.0542659800000000
-0.0344736199999981
-0.0249373899999994
-0.0180095700000008
-0.00488789699999789
0.00360610800000149
-0.0392980500000073
-0.0735605700000000
-0.107072100000002
-0.109386200000000
-0.104825399999996
-0.0754265399999964
-0.0394500800000024
-0.0265135400000005
-0.0565422599999955
-0.0988302700000068
-0.122554000000000
-0.0980899399999940
-0.0618943800000000
-0.0176162400000029
0.0249066900000042
0.0659823399999966
0.117000600000004
0.164194500000000
0.212501300000006
0.228395100000000
0.163374299999987
0.0903317299999908
-0.0150589399999915
-0.0549449099999986
-0.0408296800000002
-0.0611652300000040
-0.0550607000000000
-0.0116356099999959
-0.00331439900000000
-0.0588538299999884
-0.0972837700000006
-0.0944182900000013
-0.0326300399999910
0.0587567199999935
0.110073200000006
0.142806700000000
0.164294400000005
0.203955300000000
0.220356500000000
0.224520699999999
0.188906500000006
0.0768343099999888
-0.0547482800000000
-0.130551700000010
-0.193709700000000
-0.237342500000002
-0.252316300000002
-0.260474700000001
-0.199630499999991
-0.0852586600000116
0.0604179300000265
0.181206100000000
0.178798899999985
0.0930454200000000
0.0533405600000064
-0.00160891300000881
-0.101634099999992
-0.163098700000003
-0.175205100000000
-0.191297100000004
-0.215404500000000
-0.189927699999981
-0.0664414600000000
0.00908051899999700
0.0288998900000049
0.113098399999991
0.169256800000001
0.162028500000000
0.128769699999998
0.139998600000000
0.142968499999993
0.102284700000000
0.121584899999998
0.106139799999993
0.00834398600000912
-0.0715472400000053
-0.0534655000000000
0.0167018700000084
0.0328209900000000
0.00735353000000752
-0.0541745900000046
-0.0959976699999973
-0.0963072899999978
-0.0668277500000025
-0.0838158900000098
-0.143006100000000
-0.230189000000012
-0.268804600000000
-0.223010900000007
-0.125997199999993
-0.0500859100000069
0.0182622800000038
0.0446163300000000
0.00458123799998943
-0.0329986800000000
-0.0594822600000115
-0.126458000000004
-0.149377199999999
-0.156242600000000
-0.136412800000004
-0.0544910399999861
0.00922808100000000
0.0426469900000033
0.0647611900000000
0.137333899999984
0.220452700000006
0.275599199999996
0.288939299999996
0.189820900000013
0.0400580499999808
-0.0286490700000000
0.0168826100000115
0.0814539100000000
0.101505400000000
0.0953937999999984
0.0671562900000040
-0.0206934600000075
-0.0841777000000000
-0.0641387599999893
0.00258480900000000
0.0834601700000082
0.0956826299999971
0.0776887299999995
0.105933400000002
0.120556599999999
0.154610300000005
0.147866100000000
0.0897544699999874
0.0228308000000000
0.0146764699999958
0.0425674300000005
0.0193311000000041
-0.00770503300000079
-0.0216100599999981
-0.0225948399999940
0.00538932400000000
0.0317972400000066
0.0596743800000000
0.102108099999998
0.0732146000000000
0.0881058899999990
0.0603700899999962
0.0106374200000000
-0.0391828300000030
-0.0695887600000000
-0.122511000000002
-0.124940100000000
-0.117968300000001
-0.0927370399999951
-0.0355428400000046
-0.0159147000000009
-0.0115742600000000
0.00138569100000097
-0.0126254600000000
-0.0366053199999965
-0.0993916900000042
-0.119503400000000
-0.119793900000001
-0.120209200000001
-0.107644799999996
-0.0530072300000000
0.00852606200000446
0.0232221700000000
-0.00793847499999238
-0.0248819600000000
0.0113106600000000
0.0607558600000001
0.0271177800000000
0.00977610299999631
-0.00278045000000000
0.0151858899999991
0.0211698500000000
0.0460391999999955
0.0637580100000019
0.0534827600000000
0.0184005099999988
0.0380759300000000
0.0786732300000037
0.0790561500000000
0.0556809900000053
0.0133794000000000
-0.00931997699999377
-0.0291728399999970
-0.0142095400000000
0.00328015000000292
0.0122700300000000
0.00238056699999962
0.00151717700000000
0.00843772199999681
0.0477835500000000
0.106084800000000
0.128981900000003
0.101390700000000
0.0148299499999933
-0.0260017500000000
-0.0492311500000029
-0.0742793000000000
-0.0834740500000014
-0.0637173699999959
-0.0488003700000000
-0.0302630399999974
-0.0191775400000000
0.0129091800000066
0.0319082800000000
0.0298220099999976
0.0304375500000000
0.00533398100000360
-0.00238655899999911
-0.00104657400000000
-0.0309711900000027
-0.0463803400000000
-0.0758859100000070
-0.108282800000000
-0.0854764000000066
-0.0479599700000000
-0.0210870200000000
-0.00901361399999951
-0.00645298600000000
-0.00846606799999789
0.0212952000000000
0.0759985000000120
0.156121300000000
0.209255599999995
0.183527799999988
0.0991229800000000
-0.00380948800001772
-0.0906547000000000
-0.114450999999999
-0.106325400000000
-0.102762100000001
-0.123303200000000
-0.168539900000000
-0.191541000000003
-0.197885300000000
-0.157294499999988
-0.0710009300000000
0.0351407900000181
0.137594800000000
0.201215299999994
0.208424500000000
0.168325000000000
0.0834068199999780
-0.00741211100000000
0.0188772400000042
0.0408217600000000
0.0984728500000061
0.111127100000000
0.133021099999990
0.163209200000000
0.182004200000000
0.183591799999996
0.148876400000000
0.0162089499999764
-0.0792927000000000
-0.0951445100000026
-0.0676493700000000
-0.0182015400000000
-0.0598615900000066
-0.108722100000000
-0.163345399999997
-0.128651200000000
-0.131342199999992
-0.0743978800000000
-0.0581097400000000
-0.0457807700000000
0.0128046200000000
0.0197271399999994
0.0433928800000000
0.0459223799999992
0.0382395400000000
0.0181149699999944
-0.0137801300000000
-0.0542385999999914
-0.0885833700000004
-0.100212500000000
-0.115397099999997
-0.0966610800000000
-0.0777095999999950
-0.0197427400000000
-0.0130021499999986
0.00504613300000000
0.0658315500000000
0.0689619899999933
0.0433519100000000
0.0538571300000010
0.0385330400000000
-0.00670196099999981
-0.0186626400000000
-0.0517832099999999
-0.0264158700000000
-0.0338462300000000
0.00455438299999818
-0.00604137400000000
0.0120735000000037
0.0370655300000000
0.0755480600000016
0.0683137600000000
0.0994436599999954
0.0791068699999995
0.0964122300000000
0.0492440099999889
-0.00301871000000000
-0.0335142500000045
-0.0449001900000000
-0.0121744400000053
0.00105592900000000
-0.0101715300000000
-0.0301353900000078
-0.0586825300000000
-0.0398264599999932
-0.0172799700000000
-0.00419299499999472
0.0157768800000000
0.0278638899999967
0.0374338300000000
0.0615044600000000
0.00454834999999304
-0.00883732000000000
-0.0292196099999947
0.0121917600000000
0.0114595099999997
-0.0194923800000000
-0.0851856099999924
-0.0718045500000009
-0.0889694500000000
-0.0799889900000074
-0.124362300000000
-0.141319100000005
-0.114584500000000
-0.0642610100000011
-0.0462225300000000
0.0313836600000000
0.0525650699999987
-0.00592068900000000
-0.0712178400000006
-0.0676464000000000
0.000768678600009323
0.00143182400000000
0.0154644699999955
-0.0343872300000000
-0.0506880000000000
-0.106571700000002
-0.0986701500000000
-0.137603700000005
-0.134645900000000
-0.132177699999995
-0.0913358100000000
-0.0544953400000086
0.0166937900000173
0.0849119800000000
0.0592099799999985
0.0816155600000000
0.0361027599999846
0.00423524500000000
0.0291712000000038
-0.00561766300000000
0.0415903700000000
-0.0194047300000160
-0.0910582100000000
-0.131858300000005
-0.125406400000000
-0.0183020799999920
0.0173003000000000
0.0691445699999976
0.0353515500000000
0.0484575300000000
0.0401491400000012
0.0654657200000000
0.103727600000011
0.153368200000000
0.227983800000002
0.181463000000000
0.0558328300000241
-0.0538133000000126
-0.0853522500000000
-0.160436100000014
-0.193106700000000
-0.160735899999998
-0.127711000000000
-0.117797699999999
-0.0653660900000000
0.0455500500000000
0.0798724499999918
0.0399845000000000
0.0691462700000008
0.0342526300000000
0.0279471100000064
0.0300216800000000
0.0161169099999965
0.0272794100000000
0.0340028800000000
-0.0206972400000111
-0.0183032800000000
-0.0291119100000139
-0.0893092500000000
-0.0700763699999894
0.0198467900000000
0.110719299999994
0.140073200000006
0.142905200000000
0.113253999999993
0.0789919100000000
0.0672606299999903
0.0396573000000000
0.0833234600000049
-0.00292532600000000
-0.0479005100000000
-0.0420109599999849
0.0233766200000000
0.0229375400000022
0.0513098300000000
0.115330200000011
0.135785000000000
0.0881971500000081
0.0411813100000000
0.0258378000000000
0.0222608999999980
0.0343906100000000
0.0594830400000057
0.0850171400000000
0.0577776099999985
0.0778612500000000
0.0624526200000036
0.0630502599999925
0.0223044000000000
0.0560865600000038
0.0378956900000000
0.0166249400000017
0.0293057500000000
0.0189078500000004
0.0266100700000000
0.0208953800000000
0.0174251699999959
-0.0194076400000000
-0.0612942299999994
-0.0407198100000000
-0.0656180700000122
-0.109663900000000
-0.0794636100000042
-0.0863226900000000
-0.0727244000000000
-0.0316578300000004
-0.0332273800000000
-0.0316623000000038
-0.0573662400000000
-0.0558269100000009
-0.0207917600000000
0.0235546299999980
0.0233632900000043
0.0474469800000000
0.0632895999999942
0.0174817000000000
-0.0519553300000138
-0.105023100000000
-0.140807199999994
-0.113580100000000
-0.0550077000000000
-0.0561721399999988
-0.0494339000000000
-0.0541401099999925
0.0131786400000000
0.0671791400000024
0.0892763400000000
0.141206399999995
0.159429600000000
0.187899400000000
0.179710599999997
0.157458100000000
0.148094799999992
0.0848270100000000
0.0286279699999959
-0.00306718000000000
-0.0534479499999934
-0.0562116900000023
-0.0592875800000000
0.00534298600000938
0.0516199800000000
0.125520300000009
0.155006000000000
0.137032300000009
0.0968771300000000
0.0294680100000000
-0.0217800500000133
-0.0839657100000000
-0.128758000000015
-0.193296100000000
-0.231279700000006
-0.205393100000000
-0.108881400000013
-0.0809131600000000
-0.0628798600000000
-0.0260377599999910
0.0447596800000000
0.113516000000006
0.107265900000000
0.0560168999999976
0.0513149900000000
0.0390030600000014
0.0695774500000116
0.133810300000000
0.185041800000005
0.162619000000000
0.0633419199999887
-0.0109217900000000
-0.114944399999982
-0.186576400000000
-0.226705600000000
-0.209973299999992
-0.144548500000000
-0.0232408599999769
0.116039800000000
0.237784400000009
0.242756300000000
0.164211700000017
0.0546870100000000
-0.00729269800000000
-0.0278468200000062
-0.0761523800000000
-0.109358400000004
-0.128466200000000
-0.0828546099999902
-0.0648679800000000
-0.0570608100000065
-0.0127066499999975
-0.00750987600000000
0.0167438900000038
0.0436800600000000
0.0765174700000036
0.0933447300000000
0.108453100000000
0.0316428000000000
-0.0543660400000000
-0.135765100000011
-0.157942100000000
-0.122933099999996
-0.0903141700000000
-0.0142379899999886
0.0157051400000000
0.00331720300000132
0.00620338600000000
0.00221316800000000
0.00980966499999933
-0.00442239100000000
-0.0156138900000028
-0.0428280300000000
-0.0555702999999985
-0.0431038000000000
-0.0277200400000003
-0.0494459100000041
-0.0895197700000000
-0.146503500000000
-0.108655700000000
-0.0302909199999902
0.0104464700000000
0.0458464499999942
0.0370037800000000
0.0358857300000000
0.0542188599999999
0.0631606100000000
0.0551935599999995
0.0533727400000000
0.0164786999999934
-0.00293705000000000
0.0197571999999934
0.0497063699999971
0.0258638500000000
0.0206369299999978
0.000705954500000000
-0.0375413500000039
-0.0429197100000000
-0.0452291400000011
-0.0507257700000000
-0.0773208699999946
-0.0589795799999939
-0.0323261100000000
0.0176114200000054
0.0281467100000000
0.0308445700000021
0.0382193600000000
0.0160161300000057
-0.0113397600000000
-0.0315041700000000
-0.0341579099999979
-0.0298865200000000
-0.0544566700000032
-0.0654462700000000
-0.0889099799999988
-0.0569657600000000
-0.0262416500000036
-0.0139631799999993
-0.00292715100000000
-0.00229670100000039
0.0158483500000000
0.0517884900000022
0.0562159400000000
0.0541826799999999
0.0452297500000000
0.00725740600000903
-0.0323717600000067
-0.0600485100000000
-0.0241628699999933
-0.00747476000000000
-0.00177741499999992
-0.00977584300000000
-0.0383262699999934
-0.0746968300000000
-0.0822440000000000
-0.0965238100000011
-0.0937945300000000
-0.0168900099999767
0.0998854000000000
0.164520400000004
0.175709400000000
0.185663200000000
0.164587099999995
0.136687500000000
0.120347699999997
0.0985420000000000
0.0463879099999851
-0.0477455900000000
-0.118519400000006
-0.126944500000000
-0.0654329000000126
-0.00592879999999391
0.0167819800000000
0.0411713400000026
0.0515597300000000
0.0590015099999968
0.0322426500000000
0.0115841200000021
0.0268193400000000
0.0649165200000000
0.0662590399999963
0.0134567500000000
-0.0473763600000028
-0.0552442300000000
-0.0458584199999976
-0.0280922700000000
0.0405912799999902
0.0665702700000024
0.0847934900000000
0.0830767499999976
0.0745534200000000
0.0282257099999907
-0.00358236900000000
-0.0116323600000014
-0.0305551400000000
-0.0537571699999980
-0.0519253099999992
-0.0335107300000000
0.0157289900000128
0.0848831000000000
0.118298100000000
0.0767715100000000
-0.0268785799999867
-0.0472867200000000
-0.0773520300000000
-0.0711273299999975
-0.0707602800000000
-0.0689215499999951
-0.0315166900000000
-0.00475661499999950
-0.0128249300000000
-0.0179241200000004
-0.0148460099999999
-0.0161946000000000
-0.0106123800000009
-0.0412661800000000
-0.0908669800000051
-0.115489600000000
-0.137117600000002
-0.126892500000000
-0.0672415700000142
0.0351515500000177
0.112353300000000
0.141251200000000
0.106584400000000
-0.00511099100002263
-0.122722700000000
-0.169624899999998
-0.151776200000000
-0.0727805000000000
0.0755379900000213
0.174371700000000
0.221738500000005
0.234094300000000
0.186766999999982
0.0494466800000000
-0.0918466899999793
-0.146532400000002
-0.149383100000000
-0.111548199999990
-0.0685907000000000
-0.0751801000000025
-0.0836893800000000
-0.0691427500000046
-0.0335866100000000
0.00218652899999411
0.0121662399999975
0.00492176100000000
0.0213351000000011
0.0150054700000000
-0.0147624700000072
-0.0563931100000000
-0.0882779499999949
-0.117671500000000
-0.131067400000000
-0.119470999999995
-0.0888828100000000
-0.0630437399999966
-0.0380872000000000
-0.0141319299999978
-0.00486275200000000
-0.00924152099999816
-0.0200577399999994
-0.00952110400000000
0.0198250000000071
0.0554301000000000
0.0747584100000024
0.0867136300000000
0.0880434300000009
0.0790157800000000
0.0790320999999996
0.0721889599999976
0.0603745400000000
0.0656764900000013
0.0767327300000000
0.105475300000004
0.119233900000000
0.103300100000004
0.0692096200000000
0.0269285000000000
0.0266342200000024
0.0392668900000000
0.0440627399999985
0.0289379900000000
-0.0108264400000072
-0.0434491600000000
-0.0683603599999957
-0.0760436199999986
-0.0705641000000000
-0.0627537799999968
-0.0432565100000000
-0.0210194699999949
0.0122736500000000
0.0383580399999958
0.0600503600000000
0.0722881999999980
0.0819049499999996
0.0740573500000000
0.0625189499999957
0.0355341600000000
0.00206809699999283
-0.0374793800000000
-0.0731995299999943
-0.0881465300000000
-0.0802878400000000
-0.0460955099999935
-0.0166512100000000
-0.00523809299999862
0.00357541800000000
0.0183123400000038
0.0405213600000000
0.0423585200000015
0.0289832699999992
0.0304341600000000
0.0184068799999951
-0.0100510800000000
-0.0456268700000045
-0.0600962200000000
-0.0626633200000007
-0.0427838500000000
-0.0141869900000066
0.0261139400000049
0.0477418700000000
0.0659478000000029
0.0739371400000000
0.0533553599999945
0.0161448500000000
-0.0185128499999952
-0.0371120900000000
-0.0317567700000000
-0.0249906300000003
-0.0275933800000000
-0.0335803100000009
-0.0309124100000000
-0.0172228999999978
-0.00441001200000000
-0.00708261699999854
-0.0128679600000008
-0.0143823300000000
0.00340398100000508
0.0251223800000000
0.0275788900000003
0.0238965000000000
0.00683101100000298
-0.00555349300000000
-0.0148971199999982
-0.0211283000000009
-0.0299383700000000
-0.0391238099999995
-0.0404767900000000
-0.0446875399999992
-0.0335605200000000
-0.0141345600000029
8.83100000000000e-05
0.00817808000000000
0.00702369399999964
0.00469290300000000
-0.00432177600000009
0.00384715300000000
0.0118002700000007
0.0138549800000000
0.0112709100000006
0.0172352100000011
0.0183590600000000
0.0151256500000001
0.0137485400000000
0.00641638499999830
-0.00655152600000000
-0.0158350699999993
-0.0206723700000000
-0.0214004800000007
-0.0205475399999998
-0.0155472000000000
-0.0157880100000008
-0.0196326300000000
-0.0209615299999986
-0.00970691400000000
0.00235280299999758
0.0167499800000000
0.0260138900000000
0.0235283899999970
0.00440729800000000
-0.0176952700000038
-0.0324381900000000
-0.0339576099999984
-0.0187113100000000
-0.0127011399999998
-0.00881289899999873
-0.000820232900000000
0.00261300899999962
-0.00210425300000000
-0.00927573600000113
-0.0121683200000000
-0.00185248200000232
0.00503321900000000
0.0103093899999993
0.0120332699999997
0.00567492900000000
-0.0100562700000031
-0.0210160600000000
-0.0154824299999986
-0.00846625600000000
-0.00314138300000097
0.00299434200000000
0.00954595900000000
0.00805016799999998
0.00972028800000000
0.00445501299999879
0.00392626000000000
0.00750621900000050
0.0101334000000000
0.0143532999999990
0.0143250399999987
0.0117943000000000
0.0268770700000029
0.0392195900000000
0.0467934100000012
0.0494677600000000
0.0429802500000007
0.0412198300000000
0.0428617199999987
0.0505457300000016
0.0645791000000000
0.0745129999999999
0.0722855000000000
0.0661393199999979
0.0532497000000000
0.0500005000000000
0.0383879800000000
0.0264033200000000
0.0113664499999956
-0.00635961400000000
-0.0112780500000007
-0.0111458000000000
-0.00153696099999782
0.00840013800000000
0.00224360400000225
-0.0102012300000027
-0.0303661400000000
-0.0349176399999998
-0.0371765800000000
-0.0348954699999989
-0.0290828800000000
-0.0209995700000018
-0.00624552700000000
0.0117473799999972
0.0242109500000008
0.0242298600000000
0.0222615699999999
0.0209039200000000
0.0174424099999990
0.00707652400000000
-0.00904542499999779
-0.00863112600000000
-0.00744706800000000
0.000872564200001990
0.0129374400000000
0.0181919499999993
0.00921017600000000
-0.00741138300000251
-0.0213485200000000
-0.0352335799999983
-0.0328189399999988
-0.0276928800000000
-0.0257201900000005
-0.0280593700000000
-0.0286036999999997
-0.0216284300000000
-0.0141223500000006
-0.0143059600000000
-0.0134114300000000
-0.0166139500000004
-0.0193981200000000
-0.0252454900000013
-0.0332703300000000
-0.0382481199999997
-0.0341401600000000
-0.0272603000000014
-0.0157009700000000
-0.00449600300000000
0.00311315400000103
0.0100222300000000
0.0173174800000011
0.0200120900000000
0.0173451299999993
0.0123614000000000
0.00486544000000058
0.00764841999999979
0.00694580400000000
0.0133688900000016
0.0222995800000000
0.0342039700000008
0.0344864800000000
0.0285714200000011
0.0200672200000000
0.0131209500000000
0.0199425900000007
0.0202654100000000
0.0160596599999992
0.0113850100000000
0.0101240200000003
0.0102591500000000
0.00717592500000035
0.00345106900000000
0.00345356500000000
-0.000910919700002533
-0.0157300700000000
-0.0262485800000024
-0.0392338800000000
-0.0460124300000009
-0.0498535400000011
-0.0532202199999990
-0.0509617100000000
-0.0481584100000000
-0.0270558799999889
0.00149350399999117
0.0168969200000000
0.0238285399999987
0.0132379900000058
-0.00369540500000000
-0.0170033400000000
-0.0186000800000006
-0.0249111099999965
-0.0316373900000000
-0.0287233200000000
-0.0189624899999985
-0.0156839100000000
-0.00975920700000000
-0.000246433199995360
0.0104173299999970
0.0170678500000000
0.0220881500000000
0.0168392299999969
0.00895219200000000
0.00162424700000000
0.00179002700000034
0.00250213299999915
0.00966520700000000
0.00779636300000000
0.00851262800000025
0.00785822400000016
0.0113207400000000
0.0120716599999991
0.0108168800000002
0.00792272400000000
0.00223069900000000
-0.00378457100000135
-0.00890215199999754
-0.0143363800000000
-0.0131087000000000
-0.0108955699999991
-0.0111828800000000
-0.00879491700000000
0.00138427200000300
0.0131086499999946
0.0254800000000000
0.0254389100000000
0.0161832399999939
0.00124729300000000
-0.00413315000000000
-0.00135620299999617
0.0105937799999956
0.0212072100000000
0.0270566900000000
0.0260690899999992
0.0248276900000001
0.0257808000000000
0.0229272899999983
0.0177757100000022
0.00974274900000000
0.00230180300000000
-0.00639793500000290
-0.0104310500000000
-0.00963529100000000
-0.00930202800000000
0.00348090600000637
0.0190699600000000
0.0297942900000000
0.0355168100000010
0.0330070500000038
0.00979727700000000
-0.0141688300000000
-0.0492408700000110
-0.0728048700000000
-0.0752540100000000
-0.0542668699999909
-0.0270615700000103
-0.000179905300000000
0.0128723800000000
0.0177538400000006
0.0207683099999980
0.0285693400000000
0.0305457400000000
0.0281241100000020
0.0126328800000000
-0.00293363000000000
-0.0125997000000026
-0.0189992299999978
-0.0252657100000000
-0.0182488300000000
-0.00762737199999681
-0.000118836000000000
0.00983159600000000
0.0144097900000012
0.0155188100000005
0.0131246000000000
0.00756734900000000
0.000915125299996817
-0.0111624900000000
-0.0214062300000000
-0.0188252399999983
-0.0152114000000010
-0.0124130100000000
-0.0136480100000000
-0.0165688800000016
-0.0197720299999995
-0.0154927700000000
-0.0106624900000000
-0.0121780499999994
-0.0121665700000000
-0.0139702600000000
-0.0169721900000007
-0.0144186200000024
-0.00841789200000000
-0.00749531599999968
-0.00726523000000024
-0.00872958600000000
-0.0114522700000000
-0.0155308000000022
-0.0183324200000003
-0.0126726000000000
-0.00754177000000000
-0.00586773500000001
-0.00476692000000000
-0.00111735600000000
-0.00456176800000023
-0.00326702200000066
-0.00220114700000000
0.00284660400000000
0.00728681100000220
0.0143021699999977
0.0143696200000000
0.00567517299999620
-0.00473111499999655
-0.0143613300000000
-0.0196162300000000
-0.0234854100000004
-0.0163471700000051
-0.00513074100000000
0.00445606100000285
0.0114797800000012
0.0101539200000000
0.00408007900000000
-0.00582640700000148
-0.00558364500000095
-0.00850449100000000
-0.0170909700000000
-0.0273214600000005
-0.0241042400000000
-0.0152468800000000
-0.00392178099999748
-3.90729200004776e-05
9.64707600000000e-07
-0.00178293300000000
-0.00610861200000215
-0.0101124999999995
-0.0128747800000000
-0.0191266700000012
-0.0202246100000004
-0.0164598100000000
-0.0105142200000000
-0.00835121499999810
-0.000201278900003506
0.00744347500000000
0.0105328000000006
0.0112173999999992
0.00834232600000000
0.00578730200000000
0.00803386100000193
0.0132431699999986
0.0140488700000000
0.0117844300000000
0.00976130099999834
0.00308654800000000
-0.00141780100000000
-0.00629081699999989
-0.00150276300000270
0.00853142300000000
0.0139499700000000
0.0147904299999997
0.00976127500000301
0.00397603400000000
-0.00265744200000252
-0.00635822999999992
-0.00725218100000000
-0.00868770800000000
-0.00386518699999832
5.83581599987622e-05
0.000862831700000000
-0.000937514099999599
-0.000891288300001063
-0.00248332400000000
-0.00136741700000000
-0.00490544300000175
-0.00888011699999905
-0.00888253300000000
-0.00388272100000000
0.00598647400000315
0.0138567000000000
0.0254642700000000
0.0286891800000006
0.0309828799999990
0.0300392800000000
0.0254014900000000
0.0198361299999997
0.0205511899999995
0.0242695800000000
0.0243759799999997
0.0252150999999993
0.0268120800000000
0.0239445400000000
0.0183324999999984
0.0147778900000011
0.0119637800000000
0.0107620500000003
0.00959822499999903
0.00893635500000000
0.0111475400000000
0.0122837400000008
0.0139642799999996
0.0129089900000000
0.0128885800000000
0.0154039699999997
0.0161468200000000
0.0189020400000000
0.0164616899999985
0.0117474200000017
0.0128156100000000
0.0123565300000000
0.00803504299999905
0.00558607300000109
0.00177992700000000
-0.000108524100000729
-0.000785867100000181
-0.00160383200000000
-0.00433346100000000
-0.00895603100000066
-0.00836986800000119
-0.000982939900000000
0.00439185800000086
0.00383607199999800
-0.00178509900000000
-0.00372091600000000
-0.00317528799999935
-0.00139011900000037
-0.00442679700000000
-0.00914856600000000
-0.00560937999999719
0.00140819100000000
0.00634191500000000
0.00795225699999925
0.00720653299999965
0.00783017900000000
0.00731015700000000
0.00520134199999918
0.00212093800000148
-0.00345209400000000
-0.00496147899999878
0.000721364999997317
0.0102121500000000
0.0147223600000000
0.0117785599999976
0.00841938799999978
0.00679910700000000
0.00373421099999940
0.000660382599997657
-0.00376860500000000
-0.00425293700000000
-0.00437390299999959
-0.00438193899999936
-0.00456375300000000
-0.00438873500000000
-0.00428847199999984
-0.00219497200000000
-0.000238221900000000
-0.000740127900001114
-0.00549546899999827
-0.00482215900000000
-0.00290216900000000
0.00264604100000129
0.00374640400000020
0.00332857900000000
0.00595333400000096
0.00599647400000081
0.00438450200000000
-5.30839700000000e-06
-0.00427396599999968
-0.00370959799999972
-0.00530920700000000
-0.00503731300000054
-0.00512914999999880
0.000300118800000000
0.00771175200000000
0.00955387199999927
0.00685473000000150
-0.00252009100000000
-0.00988114300000000
-0.0157052600000016
-0.0193290300000000
-0.0251221600000000
-0.0277589099999988
-0.0236634600000014
-0.0194118400000000
-0.0162286400000000
-0.0119039899999978
-0.00836595500000025
-0.00605561200000000
-0.00449363400000081
-0.00542588100000018
-0.00635318700000000
-0.00809417400000000
-0.00933756699999933
-0.00662089800000086
-0.00499786000000000
-0.00426167599999994
-0.00532328300000063
-0.00629497200000000
-0.00457806300000000
-0.000783526499998674
0.00211229899999933
0.00204755800000000
-0.00302081200000000
-0.00846052000000053
-0.00642922600000000
-0.000989855000000000
0.00195595500000093
0.00347431799999990
0.00234327300000000
0.000809483500000000
-0.00190785600000065
-0.00412726399999893
-0.00651816600000000
-0.00817136000000059
-0.00929275499999987
-0.00783381200000000
-0.00682152000000000
-0.00456939299999861
0.00106148299999751
0.00812122900000000
0.0125660500000003
0.0121568299999995
0.00966488700000000
0.00707814200000000
0.00808118400000085
0.00836745700000080
0.00305284100000000
-0.00191762500000000
-0.00437016699999995
-0.00176875800000000
0.00569976000000000
0.00950815300000110
0.0125754499999988
0.0145923100000000
0.0159163000000000
0.0160637699999982
0.00924190000000278
0.00327344500000000
0.00228641899999997
0.00526441699999808
0.00884454000000000
0.0117175300000000
0.0140389499999995
0.0129128800000003
0.0106136800000000
0.00899261600000018
0.00819665899999882
0.00469575800000000
-0.000543802200000000
-0.00914621000000216
-0.0139153199999986
-0.0164308100000000
-0.0131454500000000
-0.0106715399999998
-0.0102184900000000
-0.0137199000000000
-0.0164235299999998
-0.0136533500000016
-0.0122358400000000
-0.0102434800000000
-0.00750153599999916
-0.00413450600000168
-0.00239036600000000
-0.00303857200000094
-0.00698550199999828
-0.0116281500000000
-0.0152981800000000
-0.0161269499999997
-0.0133559300000016
-0.00871084600000000
-0.00246143199999800
-0.00158533900000163
-0.00651477200000000
-0.0106133200000000
-0.00994080799999988
-0.0109683799999991
-0.0141175000000000
-0.0151862800000000
-0.0121459599999980
-0.00596296000000000
-0.00257107000000000
0.000614286399999935
0.00122288999999946
-0.00258303500000000
-0.00622053400000000
-0.00528270199999914
-0.00271443400000091
0.00138925200000000
0.00846414400000254
0.0147140799999980
0.0155713600000000
0.00903575400000000
0.00440471699999927
0.00304536900000049
0.00509246700000000
0.00825171999999994
0.00833332199999991
0.00722983500000000
0.00566547400000000
0.00204908199999919
0.000810969000000165
-7.50762700000000e-05
-0.000202927400000000
0.00182930600000075
0.00513034400000000
0.00886081400000000
0.0120092600000004
0.0109659500000009
0.00759340400000000
0.00112928100000000
-0.00601182100000207
-0.00994415199999936
-0.00942350200000000
-0.00695779599999869
-0.00442611900000070
-0.00302809500000000
-0.00351391800000000
-0.00741893500000071
-0.00877967199999978
-0.00499402900000000
0.000170526900001804
0.00512254100000157
0.00797778700000000
0.00710253600000000
0.00339078499999764
-0.00261276399999833
-0.00324768300000000
-0.00432015100000000
-0.00291650799999895
0.000461395000000000
0.00397210800000000
0.00444373699999967
0.00393019099999996
0.00197156000000000
-0.00434843300000000
-0.00820479600000031
-0.00618293900000153
-0.00267970500000000
-0.00139728399999975
-0.000373192200000672
0.00361921300000000
0.00484824100000000
0.00334053499999943
0.00288512299999952
0.00542124300000000
0.00745458800000042
0.00645680999999859
0.00224392500000000
-0.00421603300000000
-0.00684631199999943
-0.00698336199999929
-0.00683998700000000
-0.00617080400000000
-0.00500127799999906
-0.00193049000000000
0.00319971400000000
0.00803893300000083
0.00874465200000053
0.00605284600000000
0.00180691400000000
-0.00176817600000099
-0.000586162400001822
0.00744409100000000
0.0167629200000024
0.0219344899999988
0.0214521900000000
0.0152110500000000
0.0111819299999979
0.00406481900000273
-0.00227614100000000
-0.00792444800000171
-0.0107273599999998
-0.00810675000000000
-0.00166547300000000
0.00618005800000201
0.0109014599999986
0.0117508600000000
0.00982027000000000
0.00670984199999791
0.000906797200000000
-0.00512428800000000
-0.00842929900000012
-0.00677673100000130
-0.00285368000000000
-0.000173476700000000
0.00214778600000118
0.00535213399999892
0.00858798000000000
0.0107784399999996
0.00919921700000085
0.00474821300000000
0.000170333800000000
-0.00335288500000038
-0.00338154200000026
-0.00282630000000000
-0.00283820200000012
-0.00250446799999948
-0.00120932700000000
0.00172162100000000
0.00667521400000182
0.00975209199999969
0.00850149200000000
0.00356704200000000
-0.000514113600000403
-0.00174037900000000
-0.00349096100000000
-0.00456547300000007
-0.00410263300000041
-0.00241830600000000
-0.00131810500000000
0.00131571600000136
0.00545265999999862
0.00722075900000000
0.00923315700000036
0.00924299100000024
0.00663907100000000
0.00320722600000000
0.00167781199999930
0.000212664300000263
-0.000156307300000000
-0.000822370999999827
-0.000301420599999818
-0.00265044300000000
-0.00334117800000000
-0.00588540899999896
-0.00734964499999996
-0.00688721800000000
-0.00768366500000000
-0.00782241500000062
-0.00335315300000000
0.000371269300000000
0.00151120600000011
-0.00227215899999802
-0.00755726500000000
-0.0105018700000000
-0.0141425099999987
-0.0142852200000003
-0.0127210800000000
-0.0114507099999997
-0.0107205900000001
-0.0119232200000000
-0.0147301400000000
-0.0182810599999988
-0.0174779800000010
-0.0138970700000000
-0.00938867699999818
-0.00505233700000112
-0.00152528000000000
-0.000365269100000000
-0.000335361200000001
-0.00136599099999944
-0.00339088300000000
-0.00178878900000000
-0.000150570100001086
0.00494451500000000
0.00663255400000000
0.00680828799999995
0.00586379100000048
0.00584853600000000
0.00722889400000000
0.00625190900000082
0.00510375100000057
0.00406330400000000
0.00351958399999826
-0.000787749199998909
-0.00440171600000000
-0.00803799100000000
-0.00998620999999973
-0.0110403699999997
-0.00997840900000000
-0.00817983199999876
-0.00446376600000122
-0.00308024800000000
-0.00298356300000000
-0.00617161299999901
-0.00756660799999923
-0.00982525800000000
-0.0102979300000000
-0.00856427500000080
-0.00745298000000000
-0.00578526000000000
-0.00437435200000057
-0.00342733200000008
-0.00226940300000000
-0.00286035000000000
-0.00414127599999965
-0.00456833700000002
-0.00364651300000000
-0.00301712100000022
-0.00283663900000033
-0.00322127200000000
-0.00240323100000000
-0.00191451999999965
-0.00180737800000037
-0.00129155800000000
0.000961911600001242
0.00359852299999929
0.00685754200000000
0.00802100800000000
0.00707847600000055
0.00578866500000027
0.00543477000000000
0.00521660000000000
0.00570163799999933
0.00965203500000000
0.0123194500000000
0.0123893200000000
0.0110191000000011
0.00794682200000000
0.00515840900000000
0.00332490700000059
0.00237308700000044
0.000874781000000000
0.00115291700000021
0.00174806299999973
0.00229912900000000
0.00243482000000000
0.00261983999999993
0.00358018399999991
0.00302897200000000
0.00396992200000078
0.00628919999999914
0.00877703400000000
0.0127924100000000
0.0138947300000003
0.0117769400000008
0.00884487200000000
0.00747249100000000
0.00572337500000097
0.00249589000000000
0.00252634700000000
0.00292337399999984
0.00374272799999977
0.00218607600000000
0.000571800500000000
0.000413991099999937
0.000836853500000093
0.00170603900000000
0.00278768199999971
0.00253174399999995
0.00125292600000000
9.87383200000000e-05
0.00129037799999932
0.00224754999999989
0.00281731000000000
0.00420477900000047
0.00572684199999948
0.00684009100000000
0.00552777400000000
0.00303698600000079
0.000481256300000867
-0.00184651400000000
-0.00213134900000000
-0.00169042500000003
-0.000808732100000000
0.000354436200000000
0.000609217100000210
-0.00101941399999960
-0.00288559300000000
-0.00518930600000000
-0.00623083399999969
-0.00621424400000030
-0.00574712400000000
-0.00520077099999993
-0.00472135600000022
-0.00333031000000000
-0.00468206900000000
-0.00409296599999999
-0.00314638400000092
-0.000303766500000000
-0.000117762999999674
0.00150726099999922
0.00394642900000000
0.00331639400000000
0.00160649400000071
-0.00200351499999855
-0.00386181400000000
-0.00465955700000000
-0.00218983400000117
-0.000682012700000000
0.00111322200000000
0.00377210499999922
0.00480495000000000
0.00522879500000000
0.00647764400000000
0.00817617599999953
0.00774791400000059
0.00545809300000000
0.00163816999999949
0.00190244099999942
0.00254076000000000
0.00426148200000000
0.00569640699999966
0.00558285400000033
0.00464945600000000
0.00555568799999927
0.00381556300000015
0.00480313600000000
0.00364045800000000
0.00432908199999971
0.00545016699999880
0.00643522300000000
0.00471878300000000
0.00490526399999933
0.00433359900000000
0.00283358000000000
0.00225780299999987
4.47165200008564e-05
-0.000440966800000000
-0.000784221600000000
0.000661416799999568
0.000126339200000497
-0.000802412000000000
0.000335523500000277
0.00141594599999933
0.00188035000000000
0.00109063500000000
0.00203869199999985
0.00239491799999978
0.00259940400000000
0.00241601999999957
0.00233963299999962
0.00226556000000000
0.00257177500000000
0.00196607300000136
0.00109331899999955
-0.000995765500000000
-0.00330621900000000
-0.00479876899999949
-0.00342232000000000
-0.00231945000000000
-0.00137729500000055
-0.000854427299999912
-0.00245220300000000
-0.00196645500000000
-0.00173147699999988
-0.00151656500000009
-0.00132596800000000
-0.00107826799999988
-0.00183874799999977
-0.00208949800000000
-0.00258611000000000
-0.00183544800000029
-0.00207159399999986
-0.00176562700000000
-0.00185634700000027
-0.00173778800000054
0.000507442000000000
0.00224866400000000
0.00366112899999955
0.00338524900000009
0.00410781700000000
0.00621132100000000
0.00636297699999986
0.00605546200000000
0.00499400600000000
0.00388697900000055
0.00352470599999963
0.00303327800000000
0.00189845000000000
-0.00238185599999869
-0.00404870399999948
-0.00485401900000000
-0.00427167200000005
-0.00465044299999971
-0.00485649200000000
-0.00461727100000000
-0.00508032999999989
-0.00537654300000002
-0.00498648300000000
-0.00605325800000033
-0.00645043299999989
-0.00766432500000000
-0.00690052900000000
-0.00520166000000037
-0.00249181500000140
0.000122134200000000
-0.00246454200000000
-0.00543196199999912
-0.00731941300000000
-0.00712960500000000
-0.00551847200000049
-0.00423374300000068
-0.00267020000000000
-0.00340330800000000
-0.000962300800001225
0.00121290000000000
0.00154211900000000
0.000559807700000665
-0.000785440699999379
-0.00255580700000000
-0.00374787800000000
-0.00581182599999952
-0.00708842499999938
-0.00697213800000000
-0.00521293499999947
-0.00424421500000006
-0.00619733300000000
-0.0107821000000000
-0.0129227899999998
-0.0114893700000007
-0.00959788400000000
-0.00848672500000000
-0.00721616300000069
-0.00615541100000000
-0.00564873900000000
-0.00640565599999916
-0.00753701200000035
-0.00652246900000000
-0.00471176800000000
-0.00225619200000046
-0.00101884900000000
0.000354074200000000
0.00126963599999956
0.00149915200000049
0.000166057200000000
0.000239944900000000
0.00183236599999886
0.00540323999999883
0.00802941700000000
0.00889544300000051
0.0112367999999988
0.0120543100000000
0.0101994700000000
0.0101282099999999
0.00907870100000048
0.00805481100000000
0.00553695100000000
0.00542738499999959
0.00376342100000000
0.00264520700000000
0.00432915199999932
0.00463647900000062
0.00161371300000000
0.00128016900000000
0.00286004799999945
0.000206669900000000
0.00130568500000000
0.00267057599999954
0.00415416300000006
-0.000563819400000000
-0.000289899100000000
0.000241610700000374
0.00305345999999887
0.000600406500000000
0.00120930499999977
-0.00129505199999886
-0.00196427500000000
-0.00338180200000000
-0.00348502600000014
-0.00193761800000070
-0.00255133400000000
-0.00326824100000000
-0.00438666399999968
-0.00275234600000000
-0.00145627200000000
-0.00241134499999977
-0.00237365099999982
-0.00142824800000000
-0.000147704800000000
0.00268972499999963
0.000336951600000000
6.71573500000000e-05
-0.00188647499999968
-0.000732958100000323
-0.000969453600000000
-0.00264135200000000
-0.00516219399999914
-0.00720805999999951
-0.00772031500000000
-0.00952509599999967
-0.00831889300000029
-0.00812985400000000
-0.00791856400000000
-0.00829252799999982
-0.00820161800000048
-0.00669409700000000
-0.00658639700000000
-0.00639307199999996
-0.00575550400000000
-0.00710364500000000
-0.00655830500000006
-0.00593048100000047
-0.00516954600000000
-0.00503844900000000
-0.00336808000000089
-0.00256959100000000
-0.00237552900000000
-0.00392717999999913
-0.00436366600000033
-0.00532538700000000
-0.00777391100000000
-0.00978406699999899
-0.0108420600000006
-0.00849902700000000
-0.00530577399999957
-0.00401069700000071
-0.00280853300000000
-0.00386701900000000
-0.000632895800001435
0.000865272200000038
-0.000494142300000000
-0.00145855900000000
-0.00171312800000003
-0.00227694600000000
-0.00485506900000000
-0.00584706799999955
-0.00770441099999944
-0.00746784000000000
-0.00666879300000000
-0.00480092800000078
-0.00231636100000000
0.000502779200000000
0.00136298099999992
0.00254618599999945
0.00166768800000000
0.000311901000000000
-0.00127922999999958
-0.000844982200000492
0.00119582100000000
0.000705132399999969
0.00198193499999903
0.00490107100000000
0.00640369500000000
0.00696329400000018
0.00615501300000004
0.00528116600000000
0.00577109000000000
0.00707173899999929
0.00981666600000000
0.00934912100000000
0.0112319199999994
0.0122046999999996
0.0130476700000000
0.0126250300000000
0.0108000000000006
0.00929718900000000
0.00843508400000000
0.00748311700000028
0.00746362800000005
0.00694275900000000
0.00845483300000000
0.00886905200000007
0.00854295800000031
0.00602504700000000
0.00539495100000041
0.00662411199999954
0.00772798900000000
0.00851367500000000
0.00805752300000033
0.00776457200000029
0.00631141900000000
0.00598987500000000
0.00371347900000154
0.00106310200000000
0.00250422800000000
0.00521513199999942
0.00523302800000042
0.00290152900000000
0.00250650500000000
0.00312152999999969
0.00617332200000000
0.00549881800000000
0.00271440800000186
-0.00161211599999912
-0.00426738400000000
-0.00609852100000000
-0.00688525099999977
-0.00524237900000104
-0.000447660300000000
0.00252312200000059
0.00388224799999945
0.00534253200000000
0.00579944200000000
0.00657101800000033
0.00240940500000168
-0.000657240500000000
-0.00206865000000000
-0.00126254000000049
0.000606152300000000
0.00144927600000000
0.000274977100000666
-0.00153678399999954
-0.00366777400000000
-0.00597363000000000
-0.00492289700000077
-0.00167067800000000
0.00206806500000000
0.00266910099999985
0.00313768200000034
0.000945817600000000
0.000174671200000000
-0.00203833299999946
-0.00323834099999961
-0.00145665000000000
-0.000399207999999537
0.000223112900000242
-0.00204578300000000
-0.00613424400000000
-0.00139711000000185
-0.00739678799999732
-0.00410614100000000
-0.00113395900000000
0.000788925699998408
0.00591786100000000
0.00669466200000000
0.00796390400000008
0.00637898400000041
0.00442202600000000
0.00290846900000000
0.000523236900001559
-0.00272298000000000
-0.00117223900000000
1.71205699994942e-05
-0.000415897299999163
-0.00258383700000000
-0.00303386700000000
-0.00573460999999877
-0.00558835000000091
-0.00303871900000000
-0.00178737499999999
-0.00257508499999964
-0.00341030900000000
-0.00243705600000000
-0.00152381100000041
0.000575337399999323
-0.000831963800000000
-0.000521555600000000
-0.00260082899999901
-0.00297852700000000
-0.00463651900000000
-0.00439801200000012
-0.00451823500000010
-0.00550147400000000
-0.00640357300000000
-0.00668072899999977
-0.00526585300000000
-0.00228081200000000
-0.00194903700000041
-0.00100963900000027
-0.000692237400000000
0.000289249900000000
0.00305250299999897
0.00493509299999976
0.00375485900000000
0.00378906800000028
0.00456099699999978
0.00471313600000000
0.00400454500000000
0.00252928500000052
0.00126631500000048
0.00164348100000000
0.00179563200000000
0.00118157000000008
0.000472459400000000
-0.000635283800000000
-0.000294604599999872
-0.00139897899999996
0.000737307500000000
-7.36335200000000e-05
0.000495700499999513
0.00187680900000000
0.00426717500000000
0.00613910299999991
0.00572717700000008
0.00385462300000000
0.00335765000000000
0.00364520799999975
0.00402212600000002
0.00303239100000000
2.84705099916700e-06
-0.000686289300000252
-0.000204249900000000
0.00202168300000000
0.00227599499999989
0.00234030899999997
0.00311277900000000
0.00453522100000000
0.00496072599999997
0.00593072200000000
0.00476972100000000
0.00424567499999972
0.00440275100000007
0.00283793200000000
0.00120033300000000
0.000323423100000421
0.000216808200000000
0.000443966600000000
-0.000340379100000162
0.000709036199999686
0.00155747900000000
0.00157993700000000
0.00241833899999977
0.00240900499999999
0.00308929800000000
0.00333717000000015
0.00446785399999950
0.00509338800000000
0.00553588500000000
0.00434465000000079
0.00252712500000065
0.000860657400000000
0.000784692200000000
0.00338431299999917
0.00273949200000000
0.00146254000000000
-4.12526699996136e-05
-0.000612814099999836
-0.00123744400000000
-0.00138481100000000
-0.000600581100000155
0.000362089900000000
0.000724926300000000
0.00122405199999952
0.00225457499999992
0.00195666300000000
0.00167143100000000
0.000858801500000418
0.00152673299999948
0.00167898300000000
0.000365387199999173
-0.00204077999999933
-0.00280236600000000
-0.000845970500000000
0.000465928399999573
0.00115058099999995
0.00153172800000000
0.00241732000000000
0.00191824400000034
-8.85875200000000e-05
-0.00251621000000000
-0.00358131299999996
-0.00349019800000038
-0.00284277500000000
-0.00361178800000000
-0.00591967699999907
-0.00688656000000000
-0.00677322800000000
-0.00776871399999969
-0.00909438599999945
-0.00930356500000000
-0.00964022900000000
-0.00913416100000022
-0.00774352100000020
-0.00756683600000000
-0.00606169000000027
-0.00654959499999996
-0.00691212100000000
-0.00694538500000000
-0.00719401899999994
-0.00730239399999991
-0.00681510700000000
-0.00634230900000000
-0.00488925800000095
-0.00347602200000000
-0.00401096600000000
-0.00511710599999945
-0.00600670699999989
-0.00576792300000000
-0.00560365900000000
-0.00514854200000028
-0.00401072600000000
-0.00213273400000000
-0.000360644400000565
0.000421686199999588
0.00225042100000000
0.00359463600000000
0.00493936199999989
0.00422391400000010
0.00505389400000000
0.00488027299999989
0.00500694899999980
0.00428464600000000
0.00300675200000000
0.00282538699999984
0.00381361799999953
0.00590300100000000
0.00655025400000000
0.00793813699999943
0.00866467100000000
0.0100283300000000