0
0
0
0
0
0
12.1176006124807
9.14794955991346
-1.29521162482666
-0.583498039722835
0.861984426970280
1.12437006015799
-0.691113268314208
-0.797891625356562
4.26993891668964
11.4771646689232
20.7489946612149
8.88594760407086
-8.41965428943836
-1.29418918156430
5.54238173978728
1.03830238807020
8.48585429902853
0.737651264608212
-6.47491382327498
-14.3258343393544
-3.14964052501432
6.20391297408559
6.14934514247112
11.7334590470648
9.82713273744298
3.41407731168554
4.67892898680995
2.01663180577480
8.64198985686861
9.18692890359178
5.01027719932430
8.45777366664999
5.57004573524058
6.96289082675511
-0.128957019839123
4.59996062222627
1.40035151944556
8.26225025204892
6.11691129253581
13.5418257758592
-3.06001484322484
-8.60267975685649
-11.8760904621391
6.09173087094973
0.897039839993099
4.73480359607673
10.7328491864557
1.89353010146361
-3.00991860512041
4.75073096418353
8.94476536442496
6.83241151540099
0.551537577535894
6.83839066145824
-4.21929025748261
-9.31684999110040
-9.62863135529633
0.375059460737501
3.44497459535964
-36.7557094726858
-69.4235375986207
-66.7991079557637
6.13287115601061
102.025933998101
117.224338359722
72.7879794099710
-15.4396127693525
-121.315388003981
-124.404420042250
-33.1130261498222
70.9209121362270
89.5803855803104
54.4685466869231
1.31049024630480
-17.0287054577573
-9.65733288114067
1.07669472629926
-0.857028304447239
3.20316618404434
9.39393362486147
24.1104654683159
52.4472657237229
65.2213770375301
34.7229042625130
-24.3280683188130
-100.393204684741
-161.032028167536
-187.636210697091
-183.213360226391
-130.012306623048
-53.3712828625996
1.97960914692714
46.8757855504888
90.7941220557182
133.098089125430
155.481472684406
138.290151165782
99.5290022173992
32.2146687390862
-32.0491629123630
-58.1156052777653
-59.0810772103490
-52.9129706402452
-49.6734502733116
-61.3194387772177
-56.3527088406102
-60.0151795160085
-99.9756393214847
-160.587886242806
-190.878086977552
-154.121541909920
-109.566795404003
-47.6587960422356
38.8723062871685
119.093865996372
116.292766049880
77.1610771649283
33.3830973996425
14.0485212666773
-2.19671180100897
8.73533741781428
29.0863173164136
44.9871320739747
59.2379137395038
57.9482773898450
22.6849985179994
-11.5966570672876
-45.6967494763104
-42.8455254385483
-11.1313780720697
42.4694496854672
120.424899112319
193.909323698730
214.896219204341
176.059506940782
107.771647323032
6.60103063267518
-85.2492648659080
-143.971152304362
-166.462118712624
-145.654179791266
-78.4048254254751
19.2791599403710
97.3520916955200
137.782643290993
150.860284468908
149.469018883949
111.810715998356
43.4455406371511
-51.8345309131653
-140.099910552823
-185.913028230838
-188.964110331981
-173.239606108008
-133.304550709979
-95.1604654181909
-52.1949392610246
11.9321565619119
49.8456176486268
58.1935361119575
40.0787893342104
14.5934452262700
7.96353898546432
-7.81422513192335
-34.7562120054988
-54.4096488487267
-71.5605020398985
-74.2663209515825
-56.6335964027779
-14.7606338483649
31.7508671221578
41.5724501164998
55.0942796410881
91.7160966291698
96.3479502857157
94.4967128940005
88.0740283970398
88.6204030423043
107.941923004239
108.476785008023
62.7414240819143
-16.9276332857532
-100.711311038455
-147.137941094542
-149.609097092246
-99.6631036007366
23.1945837746811
142.132147094218
166.351982656555
120.416659217693
58.1116245962880
40.1527626978962
41.9054927298756
55.9183387345568
70.0456264303728
75.0590916565237
74.5432510432442
86.1310496435527
56.6737861985822
18.6304249142329
14.2215706588805
8.01481898307577
-13.8287133739601
-32.8923014237694
-43.8528467513428
-49.6627848322654
-39.9861543500690
-8.08509948132123
27.1970835656285
52.8500456986236
56.3442136253268
44.4242428230409
25.5921958116486
8.15662408759185
-18.5418402444845
-57.8538783719247
-91.6116588664167
-105.449645023178
-99.7644194879330
-78.4878162512816
-61.0576770549217
-44.1026780346842
-4.49430776514781
41.5451540149313
55.2873833119894
37.5779465049559
10.9955521136132
-1.30770144817113
-21.7638943559496
-44.7361634530635
-54.5380403332661
-62.2098232195219
-62.4083698630612
-48.4855940302591
-16.2075477356251
24.8111814633798
53.4228692450235
76.4242216884521
95.5925608491194
98.9965309436034
92.9200148639620
73.1617108550177
34.7399411150215
-7.33794181548994
-34.7798639846609
-46.2486599380895
-36.9339233058720
-22.3828148901941
-11.6263172062216
-6.16880638087073
6.32688353641075
24.7656415388264
37.8235998135712
33.0622057294363
3.52135029451101
-17.5213002838642
-29.2232504381746
-16.1375318424489
-5.99531481967555
0.0787063823570674
2.38240304841424
4.45103903408706
5.75751494300286
0.781436091610251
11.6340464594733
24.8437232443274
24.1836264480216
3.16620039207545
-41.1919758844584
-50.3375277510955
-38.5080681291321
-33.4023857163109
-33.7734595052116
-33.9240058613016
-27.2975290414193
-25.6506642468938
-7.63923414201552
21.3756328432291
31.6885108493167
24.7924734209764
1.99907502751883
-17.1452245307710
-8.96642120010757
-4.87438160795191
-12.5322646043935
-24.9649309334281
-34.8393653081002
-10.1213770527083
23.5633132555317
35.5611916810365
33.2676112148255
30.2141964111238
15.5250407470889
-11.4562585475968
-40.8449254502531
-61.8297667849540
-70.1835228074199
-68.6696916915761
-73.5643167476409
-82.9809959632601
-73.9067249877029
-51.1058108819263
-12.7485908515021
19.2998757317410
44.5146263430266
59.1432942173649
53.8831427944006
48.0174403563221
20.4044161953912
-15.7881254947147
-6.31139253455158
0.531391847609267
13.4538445913477
44.1442953051906
68.8531744151203
88.7436416913405
99.8050618976645
92.7597547166254
65.5774101174023
22.1778155967954
-11.6009035143814
-18.4927606468938
-38.4828610149296
-9.26814989288595
16.6493337468242
23.9665226333921
25.7940964404580
17.1947451368020
-11.8977230868522
-29.3722416592270
-31.6852032859889
-23.6892211662007
-25.2129633665414
-37.4383325160751
-42.8234750163662
-48.9620572317135
-36.7603400613432
-7.99743976874571
35.2312013103115
47.8934589562247
63.2416088954527
64.4702003921186
76.3457221854751
66.1318505749913
28.6294557797299
28.7356807872303
32.5089838478131
30.6685047410230
0.0725840246117388
-40.0054542722218
-67.4138273043144
-65.6536465507338
-68.8009613364839
-87.1886575244113
-80.3011385223255
-90.6131461170178
-124.171381896222
-130.547783717568
-138.207868274582
-122.319842761889
-108.370107386595
-98.6716818028914
-81.4848400016187
-85.5406089703800
-107.617317578723
-114.673116118524
-90.9310551774795
-57.5794086431626
-45.8185606506475
-34.2881743864126
-17.5952272256021
24.0155442035567
70.1891630733107
112.389725268457
165.328494902659
205.830826425084
219.865804090345
157.746051042698
31.4577125619537
-44.6155708546905
-72.2751562228833
-84.4945717584250
-133.050158470891
-199.589280343622
-227.826006498770
-202.461057695952
-130.475597598625
-67.2351608571917
6.09747442566135
86.9797819989106
131.388252967338
173.962047571670
200.063712585139
170.019896304583
127.276313449437
136.508593108171
119.355453636380
42.7162519371047
-161.877139611438
-345.893599424755
-405.572951010898
-383.391967116598
-271.346344489050
-114.724690895451
-11.8564191644490
37.4644796745934
34.4486666434562
45.8767041323018
136.435130385842
249.481842180530
296.065215921888
273.649220949044
209.160208065153
113.275792470199
7.10368045129461
-60.2230569697731
-69.4068605161579
-97.1645354466158
-89.1343635669564
-50.7739868445089
5.87500655569322
3.61586884892814
-31.3383617505217
-15.0645815099455
65.0261379573187
157.183068947890
169.650841870138
92.2153762148297
-50.7613020490254
-135.736248057467
-158.380522927334
-133.778982951499
-18.4473135662222
150.261093259771
208.641442869569
129.785999658524
-8.41228132459681
-69.8430991053578
-84.5394037483689
-20.4569426221230
38.3825896214208
39.3982552781866
-2.02698854090981
-11.3074181978535
30.2762741523201
83.9250789863280
104.517689732315
107.949466569723
100.982461598407
56.4816805994162
22.2057267890875
-24.6779969133869
-57.1901490587044
-62.0773349986508
-46.9548421167604
-49.7281353203275
-46.2656155522008
-48.6672082706578
-41.1456583923857
-24.6192731574653
13.5511333751236
83.3242630092436
115.666754564076
89.6870980181925
24.1562839245051
-73.9546440367543
-146.134646885170
-171.989347170178
-146.954690480707
-81.4081741653259
-17.5778189975595
51.9899747840833
74.2747813504097
77.4550557145815
98.8416093195334
89.5846215824683
50.0587059653218
-41.1829352113715
-136.683139607991
-169.282947984226
-161.246961756398
-113.813532634365
-17.0757773063774
63.9359766900271
88.7897502846766
66.0022985419148
4.15241016644212
-68.4307463535044
-109.792626543627
-86.4208734294531
-41.0744239232460
3.85266833276506
52.3623251763696
72.8902817634180
59.0392046191688
56.7015465195616
43.1340145936254
2.71558144596745
-3.19303459532484
0.272285460364394
11.7002209369937
-12.5979284405604
-27.1704953986671
16.8036518856624
82.7632422414554
127.354070201351
123.011529689345
100.205091372538
94.1381962402594
99.3400765212307
102.831934956346
66.4483089497823
-30.2641348146380
-132.535455195181
-181.136210456659
-170.051695334472
-109.680389894710
-53.6985111278078
-27.2881982311898
-11.1046541209322
26.2990743194466
74.4787129391596
99.0779666343743
67.2190060215761
4.70576435060794
-51.2279121934003
-72.2214924585773
-47.5158977009988
20.5437284416571
53.0603719098037
46.4030012878890
-15.7713555683695
-76.3243100649859
-77.7186743145338
-48.9059563154837
0.645957601386135
32.9027463605929
34.5772438157589
20.5610438258072
-5.43180467527657
-2.22862456465152
-9.76043369198190
-5.30577490701115
3.42531606371358
43.4903029941862
104.404710332329
122.694932048722
100.695098175410
86.2667177674123
75.3755616368059
33.8580634934767
-6.51589627372639
1.31775063794202
24.2388917693078
39.2903126588521
67.1853036920931
79.5196135326986
72.0421644987966
79.8177468461117
94.7053563098081
108.383186768594
72.3798957282601
19.0350385558192
-16.2888673715403
-43.7742892209418
-55.9184547894101
-57.8671202307152
3.98949236296531
67.7450826729560
132.739595682663
177.252782945496
171.500292017104
112.928231394655
14.3395404175505
-50.0372590283765
-63.7825289625966
-54.3905114033686
-36.7307692846488
-7.02932990934121
19.8508693601732
32.0644009146406
16.7879960859055
-18.8164376335902
-56.8789015468330
-72.3109359342490
-79.5268437500770
-59.1988496757849
-25.2150059319628
-16.8036518856559
-8.83364864484460
-3.74266806087737
-19.3683945173053
-32.5710151670618
-41.5250533142924
-65.8732223337459
-53.0969175832036
-47.0308696513525
-22.8081211121861
-19.3008273815398
-37.2993220124330
-51.0843175230398
-52.3522864315332
-43.9789867717212
-24.4865064049450
0.432769245400704
51.1373894075970
93.1734438477679
107.855009524379
115.599767702578
123.457992711145
136.188281712237
140.302542327211
95.3858091274269
60.8919159075288
33.2431352461958
7.18786548155575
-34.5772089993105
-54.2400694966469
-71.6410325028119
-64.7657340768100
-50.1525247089735
-33.4966570738880
3.32778356473852
30.9340962734911
28.4635089445678
-11.0774949641018
-36.7608158862437
-48.6082872214842
-60.9454636169804
-108.001784097721
-131.263726109426
-121.559451361102
-72.3893309878478
-62.9783036436053
-40.0083092216181
-28.9410514561603
-20.9009800974905
-5.67264170746635
4.18506336005962
-45.6072943951632
-85.3706118208255
-124.262368901448
-126.947994268603
-121.654964505610
-87.5361605725412
-45.7837325890857
-30.7702500311781
-65.6200370651261
-114.697325160993
-142.229865280944
-113.838136263321
-71.8314320956277
-20.4445015418279
28.9054226161107
76.5757080888503
135.784875041127
190.555686594252
246.618072613104
265.063598934574
189.603804685010
104.834357005837
-17.4766307707020
-63.7662348611501
-47.3848253493487
-70.9852181306079
-63.9006147761352
-13.5036901509622
-3.84652090716986
-68.3027262444794
-112.902536850061
-109.577008231125
-37.8687451516110
68.1900253761543
127.745291112842
165.734106615991
190.671625393005
236.700024824441
255.734413473084
260.567169686694
219.235162015891
89.1699459850571
-63.5380362025181
-151.511584307322
-224.809508743999
-275.447490905583
-292.825312573939
-302.293531750040
-231.680884515938
-98.9468130443352
70.1179402096813
210.298474069270
207.504801633393
107.983725962505
61.9043088174276
-1.86722162671159
-117.951305962668
-189.283957508506
-203.334022304733
-222.009569346050
-249.987377122812
-220.420314180826
-77.1085391327026
10.5383830315667
33.5397250300668
131.256182543932
196.430731448046
188.041938465276
149.443486816157
162.475170272050
165.921883369107
118.706358840199
141.105177694704
123.180389501325
9.68360073671508
-83.0340446368468
-62.0493077515080
19.3833307769720
38.0903518945706
8.53412847594080
-62.8722411129056
-111.409955377908
-111.769284415625
-77.5568474266769
-97.2724084330484
-165.965519994070
-267.145506953318
-311.960785000066
-258.814973507051
-146.225866000091
-58.1271295247357
21.1942623180265
51.7794164631929
5.31674905395530
-38.2965697639325
-69.0320497609847
-146.760646765492
-173.359490771778
-181.327120690834
-158.313675331665
-63.2394966971013
10.7096358946394
49.4939018093105
75.1585042441178
159.382656588152
255.846058242254
319.846248082767
335.328081607860
220.296367597218
46.4893112824925
-33.2486362462615
19.5930883193724
94.5312160019758
117.801943366094
110.709134933475
77.9381340426961
-24.0157647077833
-97.6923064988472
-74.4361440188430
2.99979630078962
96.8595781078207
111.044336167126
90.1615418651987
122.940852283505
139.911785635136
179.432757315526
171.605785879030
104.164418757941
26.4962515157088
17.0327557721430
49.4015685677831
22.4346798042744
-8.94206476798261
-25.0795234958699
-26.2224084831473
6.25457207822966
36.9022403308483
69.2550143457077
118.501405968739
84.9690968438255
102.251161652476
70.0624195676839
12.3452422078171
-45.4735759928404
-80.7611335400554
-142.179961693899
-144.999050142693
-136.907937859410
-107.625836004968
-41.2491909272876
-18.4697817858803
-13.4324904982834
1.60816166139950
-14.6524591193266
-42.4822505358075
-115.348880320071
-138.689495917023
-139.026635266731
-139.508611073732
-124.927015048008
-61.5174631739153
9.89490877195041
26.9504553962431
-9.21298553931376
-28.8767222508106
13.1265699041938
70.5101243764211
31.4714998785701
11.3456420244309
-3.22684717692120
17.6239624073560
24.5686384248396
53.4307261586059
73.9942651637756
62.0693388192394
21.3546849421519
44.1889648183385
91.3041018988956
91.7484991442964
64.6204914275368
15.5274430825584
-10.8162856628964
-33.8564967529588
-16.4908608442334
3.80677328036379
14.2399653531761
2.76276354669947
1.76075754620287
9.79238591427129
55.4551289973828
123.116559331853
149.689755215502
117.668828449015
17.2108767614455
-30.1762928959380
-57.1351390580998
-86.2047328701048
-96.8756865214924
-73.9471004712655
-56.6351979597583
-35.1217267669064
-22.2564659710814
14.9817299499682
37.0311076402781
34.6098900460746
35.3242540919268
6.19034384060599
-2.76971755352659
-1.21459992351566
-35.9435692126810
-53.8266356861822
-88.0692817535358
-125.667445013981
-99.1995108825580
-55.6598729701039
-24.4725101896027
-10.4607365317685
-7.48900345512850
-9.82528282307401
24.7141131838272
88.1999479132099
181.186346153417
242.851280229796
212.992919605287
115.037029322957
-4.42109572133014
-105.209179366519
-132.825940493735
-123.395787309614
-119.260404711287
-143.099348244115
-195.598734202586
-222.292627133980
-229.655495210921
-182.547901695838
-82.4000253661385
40.7825923884045
159.685443701213
233.520121835794
241.886748341532
195.349332322200
96.7976628433900
-8.60211456971950
21.9079532457255
47.3756338049434
114.282521903255
128.968393214926
154.377442862098
189.412198121731
211.224707855851
213.067194711600
172.778288064950
18.8112731925698
-92.0230269004872
-110.419821788940
-78.5103773148223
-21.1237705999454
-69.4722806371400
-126.177273985846
-189.570264832331
-149.305961814643
-152.428997925010
-86.3423507155037
-67.4391736843406
-53.1308056004527
14.8603829950363
22.8943034464663
50.3595433568237
53.2951508786347
44.3788421643134
21.0233019131775
-15.9925096973897
-62.9465278246796
-102.805300367447
-116.301470163900
-133.923935463642
-112.179874882179
-90.1857625131398
-22.9124080036286
-15.0896261473508
5.85628226561129
76.4007089751108
80.0337365341389
50.3119956833038
62.5038133746629
44.7194631596294
-7.77795102687888
-21.6588995298950
-60.0969285548805
-30.6568992556663
-39.2801926756193
5.28558252303118
-7.01130775112847
14.0118827494003
43.0163465775641
87.6771904306420
79.2814341566554
115.409194027476
91.8073621660417
111.891072378995
57.1500637122564
-3.50335947110856
-38.8949137726433
-52.1088497706218
-14.1290285186260
1.22545685506994
-11.8045542503801
-34.9735827462981
-68.1039242802761
-46.2205398470547
-20.0542438856239
-4.86617420869920
18.3098349866477
32.3373967467613
43.4437766033729
71.3789110104706
5.27858093370752
-10.2561387881635
-33.9107756079848
14.1491292192634
13.2993175537770
-22.6218530721557
-98.8620349737581
-83.3326653806399
-103.253364946225
-92.8311052406272
-144.328485198593
-164.007674613843
-132.980873723292
-74.5780210773827
-53.6434895217161
36.4222606673218
61.0043150332360
-6.87124695106130
-82.6517599490830
-78.5069304856704
0.892088823895349
1.66170124700966
17.9472680185107
-39.9080494335953
-58.8258841927680
-123.681630414034
-114.511498129400
-159.695772583188
-156.263102123402
-153.398636226841
-105.999640579874
-63.2444870558323
19.3739535448115
98.5444740778613
68.7160556055875
94.7188186728202
41.8990052635415
4.91520738435132
33.8545934533676
-6.51957057039137
48.2676430151983
-22.5201309929939
-105.677472306281
-153.027957024454
-145.540213925030
-21.2404521497456
20.0778378373608
80.2456294858467
41.0271895978308
56.2373154996761
46.5950256486604
75.9761455041859
120.380914322806
177.991239978955
264.586265321719
210.596618988168
64.7967091172648
-62.4529465323434
-99.0554287818060
-186.193880976565
-224.109697976791
-186.541813427640
-148.214814081096
-136.709948279166
-75.8605200535443
52.8630438422268
92.6958549142237
46.4039529376920
80.2476024183617
39.7518396006497
32.4339775959384
34.8416167722605
18.7044563053397
31.6590793384438
39.4619926037837
-24.0201515812536
-21.2418448079981
-33.7857845306798
-103.647719338758
-81.3270286116820
23.0331630787994
128.495121521937
162.561747192843
165.848420646787
131.436763896136
91.6739455063438
78.0592256769264
46.0242214567128
96.7009195174602
-3.39498280662274
-55.5908667541534
-48.7557581239371
27.1297021176283
26.6201284664440
59.5475480889089
133.846294766600
157.585082960760
102.357073311882
47.7929090310622
29.9860209634608
25.8348549050401
39.9119720876470
69.0329549888360
98.6665173619070
67.0537206990772
90.3617596986300
72.4792967103685
73.1728869374106
25.8853387663584
65.0911750972806
43.9797875502098
19.2940497780898
34.0107452588820
21.9434776364080
30.8822777813575
24.2501026681637
20.2227555330463
-22.5235081892150
-71.1349288917465
-47.2573158816982
-76.1529550736597
-127.270278597050
-92.2213762507798
-100.181671503082
-84.4001959514784
-36.7404482594373
-38.5619872141157
-36.7456359113972
-66.5763058478246
-64.7898386699048
-24.1298466288634
27.3362913625194
27.1142320056484
55.0645231766213
73.4506526240188
20.2883613417912
-60.2966821689129
-121.884404951182
-163.413589818253
-131.815218773734
-63.8391057037272
-65.1904948409856
-57.3704402737704
-62.8322253993703
15.2944513584710
77.9646525767418
103.609525686438
163.876880793825
185.025788875066
218.066373585278
208.562873733678
182.737767436342
171.871203329204
98.4458622687574
33.2241486721471
-3.55961125864848
-62.0289401246935
-65.2363945355885
-68.8061141719829
6.20079458017939
59.9074922173493
145.672400403291
179.891986371216
159.032635149723
112.430611393382
34.1990558643334
-25.2768051415222
-97.4462818147006
-149.429908398305
-224.329505869510
-268.411317241526
-238.368661509502
-126.362149367646
-93.9036493811338
-72.9751294668850
-30.2180842487089
51.9457810958285
131.740827612583
124.487283207722
65.0103312862556
59.5535365193546
45.2649441825218
80.7480077361267
155.293347766721
214.749990088811
188.727242375784
73.5113725234161
-12.6752673949994
-133.398555141378
-216.530967872150
-263.102852183002
-243.684205914079
-167.755550055996
-26.9721460483542
134.669820007733
275.960337303649
281.730468569777
190.575648029091
63.4669293937174
-8.46352998739013
-32.3175861832627
-88.3785331219157
-126.915731019307
-149.091260335483
-96.1567963363396
-75.2824392222773
-66.2218395084817
-14.7466840549615
-8.71557559734154
19.4320970264495
50.6928296853922
88.8022377869282
108.331089744815
125.865086429661
36.7230052149408
-63.0944281301174
-157.561988044906
-183.299472927766
-142.669829230937
-104.813977773555
-16.5238784500695
18.2265772346750
3.84977508526634
7.19933054054290
2.56848888232205
11.3845923543997
-5.13239940066958
-18.1206771807683
-49.7040075162641
-64.4920303100791
-50.0240519860368
-32.1704518398618
-57.3843784616925
-103.892038016557
-170.024422443876
-126.100213563055
-35.1540828600817
12.1236354648679
53.2070304282905
42.9446827054661
41.6471314147913
62.9236185965888
73.3009534683670
64.0548052546276
61.9416552693086
19.1243311601755
-3.40858907765880
22.9291895354515
57.6866549333709
30.0162532528236
23.9501588990319
0.819294461457612
-43.5685587819681
-49.8104066060446
-52.4906122115403
-58.8697181109727
-89.7346224807400
-68.4486652228877
-37.5160196350750
20.4389076978874
32.6656230837166
35.7966205570520
44.3554222948570
18.5874962238923
-13.1603418665914
-36.5621183713951
-39.6419124433173
-34.6847570321347
-63.1996086439388
-75.9535728351607
-103.184347124788
-66.1115293701274
-30.4547084897285
-16.2049481069037
-3.39710080770094
-2.66543298318019
18.3927793905156
60.1030562511532
65.2413268668638
62.8816299505563
52.4913201461460
8.42257190846810
-37.5689986757512
-69.6892103694814
-28.0421834040505
-8.67482177495136
-2.06277637611435
-11.3453402818158
-44.4794965388331
-86.6892967003409
-95.4481537947840
-112.020566384643
-108.853104476308
-19.6016763784983
115.921854737774
190.933909362139
203.919286931438
215.471154949076
191.011317949479
158.632478014500
139.669347045964
114.362773834512
53.8354210385825
-55.4110745749562
-137.547516157605
-147.325253628252
-75.9380563012490
-6.88066016022973
19.4763023201813
47.7813383621613
59.8375691680553
68.4741160522857
37.4191602542604
13.4439335068508
31.1251457734862
75.3387722482147
76.8968318687612
15.6172115118180
-54.9825652390122
-64.1136102489473
-53.2209221942704
-32.6024428214167
47.1081505783547
77.2580293896275
98.4069606818306
96.4146005881352
86.5228624347931
32.7573064180497
-4.15751309836178
-13.4999183682266
-35.4607229942750
-62.3878049430008
-60.2618425018453
-38.8908286417913
18.2542563172735
98.5109574361416
137.290686766582
89.0970635370094
-31.1938966687434
-54.8785336682419
-89.7707851731281
-82.5467187010860
-82.1207393609501
-79.9868039513451
-36.5766484390658
-5.52028257456506
-14.8839537358025
-20.8018112250888
-17.2295151709413
-18.7946193211056
-12.3161820724767
-47.8914047853125
-105.455540609747
-134.031286203226
-159.131629939835
-147.264905104380
-78.0371056218581
40.7950798906513
130.391457829769
163.928873368243
123.696369380438
-5.93155312258544
-142.425649818967
-196.857929364144
-176.143646709643
-84.4653027243480
87.6655037069073
202.366821154831
257.338291549841
271.677797150945
216.752168423091
57.3852720840605
-106.592541615922
-170.057962296569
-173.366338008142
-129.457100203423
-79.6028364682152
-87.2501549913365
-97.1255874377477
-80.2435172875194
-38.9788910647030
2.53757302986471
14.1195120206217
5.71194252309190
24.7604190704149
17.4145762404919
-17.1325629462523
-65.4469412509870
-102.450845633575
-136.563487053924
-152.110079187326
-138.651894144451
-103.152815021066
-73.1653201609607
-44.2020442003392
-16.4007906723519
-5.64345971453107
-10.7252336669611
-23.2779807924680
-11.0497033083037
23.0078747262083
64.3293214053336
86.7607632791905
100.635376347746
102.178673790919
91.7016477998981
91.7205879520052
83.7787918433598
70.0675840086734
76.2207543191202
89.0520574647833
122.409204999166
138.376728086570
119.884779823658
80.3211231681163
31.2518312516760
30.9103050285047
45.5711317027730
51.1369483991469
33.5839419292826
-12.5646090921002
-50.4248590284298
-79.3355157184279
-88.2523118631387
-81.8930629491576
-72.8288075074623
-50.2012793529694
-24.3941151359900
14.2441665388764
44.5163671658245
69.6913573842730
83.8939646800729
95.0546698136528
85.9471491225396
72.5562758947522
41.2391173659898
2.40012694564767
-43.4966395891877
-84.9516073773814
-102.298326344980
-93.1779351706022
-53.4960766466658
-19.3245373881286
-6.07906116258024
4.14944612548805
21.2523593777387
47.0270050247290
49.1591183731285
33.6364915669918
35.3203198323898
21.3620776363220
-11.6647661792189
-52.9521971807675
-69.7445801401339
-72.7238242869004
-49.6527344819436
-16.4646904747543
30.3064948361976
55.4067573344023
76.5356227424242
85.8076395830270
61.9214849357466
18.7368820314396
-21.4850609646820
-43.0703817174002
-36.8552729315887
-29.0028390602180
-32.0234567622917
-38.9715796089272
-35.8753521697318
-19.9880113806718
-5.11803297034243
-8.21972079039702
-14.9338921393075
-16.6913920257689
3.95048516612771
29.1557413298357
32.0066404140054
27.7330480905240
7.92771981545336
-6.44509817083625
-17.2888308066143
-24.5204176331698
-34.7449314737263
-45.4050804182416
-46.9752793764794
-51.8620591244405
-38.9486123533987
-16.4038429150075
0.102488041214160
9.49105877129088
8.15133778901156
5.44634170624001
-5.01563080972004
4.46480778191801
13.6947860729055
16.0793767553093
13.0804380998884
20.0022977331539
21.3065802053362
17.5540509635485
15.9558479691374
7.44652621816039
-7.60336390786594
-18.3773673059567
-23.9912887391503
-24.8362957336981
-23.8464174654012
-18.0432801988992
-18.3227518918543
-22.7846200043297
-24.3268729538184
-11.2653448317779
2.73054207714360
19.4391647670293
30.1903819551650
27.3058385689336
5.11488324161573
-20.5362196926291
-37.6460939149898
-39.4094545715572
-21.7153834271422
-14.7402894325308
-10.2277970323644
-0.951920091274034
3.03252376950438
-2.44208773852361
-10.7649418351238
-14.1219259615795
-2.14989527306904
5.84129494181738
11.9645474715522
13.9651938817923
6.58603054285395
-11.6707894261243
-24.3901576654882
-17.9681114702208
-9.82550100620122
-3.64572744166642
3.47507922438331
11.0785487421660
9.34261068695403
11.2808660078984
5.17025881500956
4.55661529495536
8.71133147134596
11.7603025347024
16.6577013017676
16.6249042001400
13.6878575981448
31.1921442404728
45.5162377570202
54.3060234699492
57.4097364471994
49.8806662144149
47.8376133606689
49.7431063964404
58.6607729525531
74.9471799611976
86.4759530629679
83.8908311990280
76.7578909980331
61.7988613774392
58.0280070742680
44.5511139889973
30.6423343715395
13.1913169070121
-7.38064071722511
-13.0887244164356
-12.9352418725488
-1.78371783843656
9.74876785809797
2.60381133756635
-11.8390225419024
-35.2413793209710
-40.5236159825748
-43.1452254924869
-40.4978866215307
-33.7520938066637
-24.3710202201316
-7.24823721639847
13.6334046608324
28.0979825776701
28.1199285504850
25.8356324725614
24.2600137526611
20.2427633898106
8.21264956816886
-10.4976547412452
-10.0168406433315
-8.64268386489245
1.01265310487832
15.0145270515878
21.1126409394844
10.6888562731023
-8.60126969038821
-24.7759936317667
-40.8902796870369
-38.0879727700705
-32.1389313416237
-29.8495288501424
-32.5642607745823
-33.1959821591829
-25.1008427724785
-16.3896726173802
-16.6027609340746
-15.5646154521665
-19.2812953496777
-22.5124597671523
-29.2986164601041
-38.6118327737369
-44.3887996707520
-39.6213127068058
-31.6369012559224
-18.2217377472799
-5.21782969950161
3.61296631704374
11.6312843539553
20.0977760612105
23.2250017518002
20.1298652282289
14.3460046729104
5.64657926899652
8.87636263371287
8.06094266354294
15.5152457174469
25.8797449224149
39.6953673088889
40.0232338757933
33.1585196524424
23.2889827925899
15.2274993134292
23.1443436285490
23.5189919069398
18.6380149016568
13.2128566878454
11.7494165894351
11.9062415131044
8.32800925319621
4.00513307558498
4.00802980473084
-1.05716652425150
-18.2555097096775
-30.4627510910816
-45.5328219955997
-53.3996582743036
-57.8574528614187
-61.7646484065968
-59.1435379325566
-55.8901722215878
-31.3996619241788
1.73328388069989
19.6096957689091
27.6541772120159
15.3633299140894
-4.28869686267708
-19.7332013441102
-21.5862956134836
-28.9105522406309
-36.7167266473610
-33.3348069750595
-22.0068900084129
-18.2019387892558
-11.3260333963710
-0.285997689476411
12.0898170805255
19.8080683301676
25.6343701454484
19.5427437238637
10.3894533195909
1.88501747795239
2.07741321425086
2.90384679002630
11.2169418339870
9.04805766577457
9.87931796291289
9.11985035876025
13.1382682334366
14.0097473400887
12.5535142480879
9.19470573933207
2.58883445870666
-4.39217833343962
-10.3313794708466
-16.6380648205397
-15.2132825938632
-12.6448378123845
-12.9782750122637
-10.2069280485915
1.60651484302927
15.2132245664302
29.5707766972800
29.5230897579358
18.7814354897296
1.44754406511305
-4.79672118156840
-1.57393940616436
12.2945958697010
24.6119965181446
31.4006019685058
30.2544442343514
28.8137392817620
29.9198696969088
26.6082328439455
20.6295742168631
11.3069330885655
2.67135410181041
-7.42511409767652
-12.1057398064428
-11.1822228639840
-10.7954549772310
4.03976036226101
22.1316141595786
34.5777196406594
41.2189818488913
38.3062835551832
11.3702154791365
-16.4436149133329
-57.1464195898791
-84.4935852921703
-87.3359311336294
-62.9793365317917
-31.4062654453735
-0.208788832533641
14.9390217638357
20.6041930203789
24.1026317656919
33.1561057114862
35.4498138380367
32.6393946868053
14.6610703894637
-3.40462000166568
-14.6225633890422
-22.0495285616247
-29.3220827515006
-21.1786529402129
-8.85193540812369
-0.137914945824096
11.4100443443435
16.7232606885689
18.0103322259628
15.2317353155856
8.78227580335106
1.06204732716787
-12.9546114276146
-24.8429688877793
-21.8476047218467
-17.6535680005116
-14.4059005828534
-15.8391780248134
-19.2289894271615
-22.9464004702475
-17.9801115420847
-12.3743371596147
-14.1332180988341
-14.1198950016415
-16.2131647905394
-19.6970502572146
-16.7335083321431
-9.76937223680611
-8.69867801065701
-8.43165204020355
-10.1311082521861
-13.2909151823767
-18.0242472029113
-21.2756631923375
-14.7071673773136
-8.75259013234872
-6.80979126388597
-5.53224202722912
-1.29674586999082
-5.29415317397191
-3.79153759918056
-2.55453792837079
3.30362210477174
8.45669783816125
16.5983624551204
16.6766414538763
6.58631371669231
-5.49068858689363
-16.6670205065129
-22.7655870083393
-27.2559581928602
-18.9716842112491
-5.95447395614518
5.17147506988000
13.3228418726035
11.7841169906611
4.73512971021435
-6.76182811399187
-6.48009103029482
-9.86987457947518
-19.8349002123199
-31.7078804043831
-27.9741404433926
-17.6947442625677
-4.55141719805969
-0.0453460201037994
0.00111958999284807
-2.06918028293609
-7.08934071359453
-11.7360470702994
-14.9418070803221
-22.1974288670565
-23.4716415266714
-19.1024083983382
-12.2022626281819
-9.69199034206903
-0.233593932726760
8.63851401400260
12.2238256199814
13.0183371477255
9.68167422613474
6.71644486348987
9.32368562197974
15.3693415554975
16.3043955109543
13.6764029840945
11.3284635850034
3.58208876269373
-1.64542687488934
-7.30079845959379
-1.74402939960810
9.90113047264673
16.1896172607439
17.1650118833101
11.3284334107469
4.61438043778622
-3.08409042260784
-7.37903451805119
-8.41650804235702
-10.0825068005955
-4.48573711421428
0.0677274771502172
1.00135806624939
-1.08803061623389
-1.03438333172016
-2.88201803261366
-1.58695379745151
-5.69300469208348
-10.3058067838576
-10.3086106691217
-4.50608617224646
6.94759363650572
16.0813728987912
29.5525212688087
33.2951858480412
35.9571360250625
34.8620424264941
29.4796620317186
23.0207916314053
23.8506534675573
28.1660255383349
28.2895079025650
29.2633473900928
31.1167201911149
27.7888008421934
21.2757560362181
17.1504586046703
13.8845473640261
12.4898813718592
11.1392059719475
10.3710737124263
12.9372612270014
14.2558764736056
16.2062247102937
14.9815094457386
14.9578226501189
17.8770548320876
18.7391683120555
21.9367348494134
19.1045902295841
13.6334510827791
14.8731374234470
14.3403528015401
9.32505739034595
6.48290884214040
2.06569167403687
-0.125947485376564
-0.912036912395776
-1.86132487958995
-5.02919181936310
-10.3939086654214
-9.71363805391463
-1.14074946192099
5.09696437222089
4.45194774358828
-2.07169403106506
-4.31830361637898
-3.68507583977762
-1.61330057031621
-5.13751277751919
-10.6173548777994
-6.50995774686442
1.63427400345838
7.36010016868644
9.22898021924488
8.36353132278529
9.08730277506794
8.48379200428015
6.03640984333436
2.46145149084849
-4.00632263783438
-5.75803718984333
0.837179094668526
11.8516957319124
17.0860133444650
13.6695905641854
9.77110841741571
7.89069367495735
4.33373310916439
0.766406059627155
-4.37364901551228
-4.93573980905023
-5.07612672325554
-5.08545289129057
-5.29645686281561
-5.09333997914196
-4.97697990127680
-2.54737154116099
-0.276468077288138
-0.858954350799048
-6.37775850258137
-5.59634956780922
-3.36810798417458
3.07085900874747
4.34788367746477
3.86297748541034
6.90913305802014
6.95919912186300
5.08842737718907
-0.00616065236685679
-4.96014498421340
-4.30516852804820
-6.16159241117095
-5.84604622752439
-5.95262752342300
0.348302433966077
8.94986249359507
11.0877321627305
7.95524686617702
-2.92468792063678
-11.4675460426566
-18.2267165005012
-22.4322774688001
-29.1554860091578
-32.2155623614544
-27.4625938596962
-22.5283824930662
-18.8341243932710
-13.8151581670561
-9.70909682749217
-7.02783164118403
-5.21508036002076
-6.29699825106042
-7.37318187178423
-9.39368178582927
-10.8366997116511
-7.68387348090633
-5.80025910613296
-4.94588184270626
-6.17792829236442
-7.30562053876099
-5.31306431236577
-0.909320532490665
2.45142551204349
2.37629043927509
-3.50579894413123
-9.81884409979933
-7.46142882191314
-1.14877477110228
2.26998071173296
4.03211466849833
2.71948204959833
0.939444890841156
-2.21415948769957
-4.78989019288426
-7.56464800870498
-9.48325988512965
-10.7846932106565
-9.09151904789923
-7.91670504929472
-5.30300235655703
1.23190254163600
9.42508042647074
14.5835109308032
14.1085912589003
11.2165704584554
8.21452733570011
9.37860626034761
9.71083997139388
3.54297015319078
-2.22549688634700
-5.07179091392546
-2.05272950743829
6.61484812355136
11.0346730442153
14.5944200870399
16.9350840073582
18.4716386635368
18.6427847561386
10.7256735148616
3.79899180242652
2.65350022313254
6.10961144224128
10.2645179485934
13.5987622870361
16.2928828694766
14.9860239795440
12.3176907855725
10.4363673336104
9.51262060253986
5.44965507231029
-0.631108847083579
-10.6146206254511
-16.1494042539699
-19.0687524907942
-15.2559327525612
-12.3848401238652
-11.8590536096306
-15.9226098590664
-19.0603036974519
-15.8453753539975
-14.2002861987302
-11.8880557175453
-8.70589662255033
-4.79829488538517
-2.77413576180418
-3.52641028613169
-8.10701411932307
-13.4950324588884
-17.7542804024645
-18.7161082126449
-15.5002050084203
-10.1093595726215
-2.85661130406124
-1.83986285551560
-7.56070910697379
-12.3172729880995
-11.5367901710570
-12.7293373512906
-16.3840439569800
-17.6244150212861
-14.0959760963122
-6.92030449822656
-2.98385152445352
0.712909182204635
1.41922319918842
-2.99773748768676
-7.21923162683822
-6.13083207222327
-3.15023240476968
1.61229437473507
9.82304992769613
17.0764040025846
18.0713190515290
10.4864310763561
5.11188786584347
3.53429853453035
5.91005512147831
9.57652156548184
9.67122464711648
8.39057442477156
6.57505755644606
2.37805911524301
0.941168885691575
-0.0871296552368407
-0.235507096984286
2.12299840019688
5.95401321837638
10.2834047154683
13.9373291114438
12.7265172183503
8.81251389545654
1.31058541128262
-6.97701006024645
-11.5406710453607
-10.9364314500931
-8.07485996158514
-5.13672592561260
-3.51425121911892
-4.07807239052405
-8.61003415292999
-10.1892354861599
-5.79581304469154
0.197904744145712
5.94495745815180
9.25860902336983
8.24283775668730
3.93517056763802
-3.03223943511157
-3.76909375104209
-5.01374491834894
-3.38474908963107
0.535471291767720
4.60982412423389
5.15717246971864
4.56117741125033
2.28809107163616
-5.04656755204409
-9.52206398597902
-7.17560080462908
-3.10992771466188
-1.62161590057593
-0.433107661357400
4.20027234862217
5.62661899472518
3.87685300370610
3.34832527382937
6.29161562695025
8.65141118988366
7.49344139272853
2.60418387364380
-4.89291092587769
-7.94547736859857
-8.10453054545721
-7.93813689910903
-7.16151754814294
-5.80422586102792
-2.24042734326264
3.71342339831870
9.32957192415305
10.1485930764301
7.02462156393346
2.09701139737790
-2.05205406819149
-0.680269915180361
8.63922891190078
19.4541822650879
25.4560402574052
24.8963076984938
17.6531618085228
12.9771724911521
4.71741973955815
-2.64157210527958
-9.19670652501011
-12.4496219431447
-9.40827684421800
-1.93286225189753
7.17225726429742
12.6516734432610
13.6374433697410
11.3968999716247
7.78709730988888
1.05238216290890
-5.94698493644237
-9.78261061395640
-7.86472524091733
-3.31183414621248
-0.201328130215111
2.49260989794267
6.21141127817457
9.96676761619728
12.5089027623634
10.6761378216973
5.51053164576617
0.197680642221317
-3.89118577812680
-3.92444361752281
-3.28005832729680
-3.29387117597241
-2.90655667085825
-1.40348267939527
1.99802473109686
7.74690983518882
11.3177760935370
9.86639409441571
4.13972537095051
-0.596653785818157
-2.01979430053514
-4.05142967778310
-5.29845300629761
-4.76130472189576
-2.80656148790002
-1.52972482804428
1.52695227759336
6.32807658030416
8.38004128625883
10.7155268390086
10.7269396733115
7.70496412945006
3.72214143892114
1.94718226028242
0.246807242024769
-0.181402208181113
-0.954401460098656
-0.349813236050031
-3.07596774340145
-3.87759923641541
-6.83030279871002
-8.52961974486967
-7.99295076701285
-8.91726616686444
-9.07829227623516
-3.89149680513401
0.430876042576745
1.75382791089454
-2.63695080100693
-8.77057283191404
-12.1879298537623
-16.4130692758639
-16.5786911574383
-14.7634307703389
-13.2891047266602
-12.4417650295563
-13.8374755154059
-17.0950424120750
-21.2160574195268
-20.2840441012384
-16.1282242431895
-10.8960153473248
-5.86348230872993
-1.77016147099008
-0.423912519251038
-0.389202949691204
-1.58529885523853
-3.93528430139729
-2.07597645516290
-0.174743909121634
5.73834964448004
7.69740083464094
7.90134867106631
6.80521406046053
6.78750989254330
8.38948234859918
7.25564383715618
5.92315075115920
4.71566150852294
4.08464805852700
-0.914221180793905
-5.10840505968778
-9.32847868743118
-11.5894813956882
-12.8128852403980
-11.5804279565592
-9.49309205232452
-5.18041709634799
-3.57477730691693
-3.46256967171377
-7.16245643190742
-8.78141583688500
-11.4026887877223
-11.9512475853305
-9.93925681315233
-8.64954502783728
-6.71407502337936
-5.07664780954934
-3.97758513498605
-2.63375232924401
-3.31957500494760
-4.80615179897153
-5.30177681730465
-4.23195532365497
-3.50151535948511
-3.29205723861088
-3.73844250365779
-2.78906621871982
-2.22189338314231
-2.09754989189904
-1.49891574605909
1.11634509914286
4.17626059941150
7.95851032865851
9.30876909164429
8.21491495891177
6.71802669114476
6.30731436699672
6.05411749289760
6.61702763370120
11.2016550886708
14.2973196618252
14.3784071880355
12.7882003730389
9.22267263795259
5.98658401303922
3.85871595118683
2.75408264365114
1.01522580887062
1.33801613647976
2.02871195548546
2.66825079502514
2.82572678642352
3.04045147655416
4.15497729981052
3.51526902018499
4.60728716513510
7.29892185261020
10.1861739591222
14.8462126974118
16.1255085596157
13.6677104755608
10.2649032507074
8.67218849032318
6.64225447723012
2.89660148551704
2.93194831227799
3.39271741588028
4.34361750104594
2.53704730138474
0.663602233159068
0.480456765021957
0.971209104271584
1.97994106380890
3.23524026393322
2.93821179272672
1.45408143501634
0.114590612723100
1.49754629878582
2.60839086208667
3.26962499595816
4.87985011265409
6.64627809900271
7.93825759615678
6.41525002303886
3.52456965615341
0.558521294406783
-2.14296911940350
-2.47353396165506
-1.96182025896783
-0.938572854671206
0.411340413015403
0.707026013511409
-1.18307942527744
-3.34887073164185
-6.02244148115602
-7.23118527675866
-7.21193177654714
-6.66981634441047
-6.03574717012117
-5.47936279373507
-3.86498639492616
-5.43376832340098
-4.75008569919776
-3.65153134489490
-0.352535766860844
-0.136669677244590
1.74924954691899
4.58002239837794
3.84883620149918
1.86441425979361
-2.32517640010236
-4.48182258400430
-5.40764205475855
-2.54140864278438
-0.791508840518407
1.29194816234299
4.37771093538738
5.57637768805320
6.06827038229412
7.51762026092918
9.48884908687780
8.99183024975459
6.33438184050185
1.90117579521852
2.20787511737570
2.94867529832736
4.94565669629035
6.61095680430975
6.47917303640213
5.39591935399642
6.44764557487193
4.42814605366594
5.57427245300890
4.22492820226949
5.02410977732362
6.32518333280412
7.46838863148353
5.47637670235169
5.69279695389272
5.02935197506106
3.28850712063888
2.62028996622626
0.0518956918220087
-0.511763374164605
-0.910127229779578
0.767606298925304
0.146622773599988
-0.931238071868832
0.389391306718918
1.64327405735428
2.18223743966760
1.26573485256036
2.36600101595474
2.77941857873979
3.01673450667254
2.80390847394622
2.71525765292685
2.62929234122016
2.98466971117140
2.28172314182071
1.26884976483046
-1.15563419322431
-3.83702762014538
-5.56920433755160
-3.97176846572352
-2.69183430182520
-1.59841769589076
-0.991604352133330
-2.84590060162481
-2.28216647135988
-2.00946309746754
-1.76004729049895
-1.53885022118285
-1.25138234881550
-2.13395629947266
-2.42496384487493
-3.00130617443496
-2.13012648930447
-2.40418538388622
-2.04909582997207
-2.15438079315830
-2.01678731927899
0.588911070204912
2.60968371315590
4.24891790105662
3.92874577094556
4.76732100550591
7.20853949317606
7.38454364195151
7.02765755890363
5.79578635207522
4.51102778791339
4.09059238812999
3.52026634218101
2.20324336816920
-2.76425949376130
-4.69871749989674
-5.63332464416618
-4.95748268587225
-5.39706481540111
-5.63619468069571
-5.35856709936526
-5.89596954389675
-6.23973910739108
-5.78705554543889
-7.02509970993067
-7.48604057471597
-8.89482115817820
-8.00839882857554
-6.03677889777019
-2.89187225023446
0.141742667005531
-2.86022061001051
-6.30405554670661
-8.49453404152937
-8.27425264500828
-6.40445460055756
-4.91346424045104
-3.09889670082720
-3.94970411695709
-1.11679678463305
1.40762931931440
1.78970394778778
0.649684006677299
-0.911542054499094
-2.96613807214855
-4.34959432600661
-6.74490615578617
-8.22646125629508
-8.09150454868997
-6.04986408251255
-4.92561750471931
-7.19230574025449
-12.5131503700056
-14.9975250155352
-13.3339715330631
-11.1388102248978
-9.84925627418460
-8.37470740518817
-7.14365322452830
-6.55563577669610
-7.43407469291864
-8.74706824241483
-7.56964184905538
-5.46823545437165
-2.61842032253545
-1.18242371535506
0.410920294445371
1.47347420105239
1.73983865884204
0.192717440352259
0.278467702415666
2.12654967871486
6.27072227165528
9.31852814428351
10.3235933507220
13.0408517893234
13.9896118229902
11.8369799764759
11.7542792878004
10.5362731543323
9.34799911380670
6.42590037695374
6.29874371605789
4.36763273190166
3.06989111126695
5.02419101572069
5.38085891564546
1.87279225967417
1.48569825878258
3.31922451928909
0.239850449880266
1.51531081522716
3.09933306707620
4.82110778795544
-0.654339779238399
-0.336441976092718
0.280400944167369
3.54368853273325
0.696800884579884
1.40345714732722
-1.50297070264255
-2.27963647555140
-3.92474536014187
-4.04454182222209
-2.24869973322806
-2.96094693854702
-3.79295230784518
-5.09093648312353
-3.19423112086546
-1.69007433761779
-2.79848290954066
-2.75473719302473
-1.65755112544493
-0.171418589400173
3.12155641099217
0.391048686082858
0.0779393642241396
-2.18934579945023
-0.850633449904717
-1.12509795619993
-3.06541719666067
-5.99097668924698
-8.36530348039960
-8.95980027070884
-11.0543362180591
-9.65447909229098
-9.43509015759375
-9.18987785742230
-9.62388123013880
-9.51837576273180
-7.76882447319199
-7.64383339586479
-7.41947035014255
-6.67954174114214
-8.24412480501372
-7.61123126639155
-6.88261104232637
-5.99950904208466
-5.84736461066067
-3.90882031313191
-2.98213507316878
-2.75691670317554
-4.55768299960747
-5.06424618789336
-6.18037008648343
-9.02200103004430
-11.3548846329747
-12.5827368602248
-9.86353334227447
-6.15760824804637
-4.65460853169041
-3.25943886145769
-4.48786323913418
-0.734506294132214
1.00419038495154
-0.573476122840673
-1.69272851211962
-1.98816819238064
-2.64250634685106
-5.63454322012898
-6.78580620729192
-8.94134290679164
-8.66679077908224
-7.73945795303705
-5.57170996184232
-2.68824936739750
0.583499664491251
1.58180560414572
2.95497243468306
1.93543286690477
0.361976248926936
-1.48460850370679
-0.980642855156631
1.38780831086806
0.818340374506130
2.30013176269603
5.68793077388206
7.43179885724052
8.08124065743779
7.14319132621102
6.12904946967298
6.69763005062424
8.20709634342328
11.3927173547010
10.8501086894369
13.0351883124684
14.1641467173188
15.1424543167111
14.6519600834561
12.5339241888007
10.7898390828653
9.78932438723703
8.68452047906703
8.66190254864866
8.05740879325082
9.81224406027449
10.2929653143080
9.91451740000984
6.99235947518119
6.26110248484221
7.68760348389950
8.96870632017411
9.88053305722980
9.35114652143671
9.01116266726693
7.32470808053258
6.95154066207300
4.30967261691853
1.23378146971867
2.90627813921021
6.05241380764608
6.07318298424749
3.36736523311154
2.90892070822668
3.62268707157973
7.16443980935659
6.38164517963045
3.15020223050885
-1.87093886366116
-4.95250625374982
-7.07762961831526
-7.99066796804227
-6.08403527360835
-0.519531505790321
2.92820554325007
4.50553723278828
6.20026769113315
6.73053392271691
7.62598531993003
2.79623144538303
-0.762759500074908
-2.40076872899640
-1.46523894864201
0.703469164358033
1.68195514005994
0.319124270839298
-1.78351242134769
-4.25662974607886
-6.93268755110568
-5.71326090622968
-1.93890290702741
2.40008980810284
3.09762125798596
3.64143225153394
1.09766723100303
0.202714405441363
-2.36558437902986
-3.75825190661833
-1.69051302496440
-0.463300259958951
0.258933349457996
-2.37423046562369
-7.11908789366678
-1.62141396513311
-8.58433148449926
-4.76537592615958
-1.31601445733402
0.915586566145927
6.86796491980150
7.76948018311483
9.24249712804464
7.40312054236790
5.13197580045394
3.37541943995138
0.607241818277988
-3.16015045255728
-1.36044025529210
0.0198692524483985
-0.482669002640381
-2.99866824761263
-3.52094990526871
-6.65529324002953
-6.48555141115666
-3.52658088676538
-2.07433543953299
-2.98851112682514
-3.95782911725762
-2.82832177295002
-1.76845662519117
0.667706977275261
-0.965534370094997
-0.605290588022602
-3.01838828833520
-3.45672514928647
-5.38090533758618
-5.10410638791057
-5.24363101455407
-6.38472759654206
-7.43165727031913
-7.75331026036248
-6.11127798994121
-2.64699302749123
-2.26195203696031
-1.17173506333882
-0.803375101134446
0.335688547983146
3.54257788778441
5.72741495617357
4.35769611533643
4.39739732020477
5.29325839105014
5.46982308476890
4.64746883709612
2.93535800387737
1.46962001936539
1.90733946849382
2.08391808879475
1.37126933368162
0.548312064989438
-0.737277684034517
-0.341902937228717
-1.62358303034470
0.855681139706820
-0.0854552738365267
0.575284489568902
2.17812793730162
4.95226369910580
7.12472699900310
6.64666688276297
4.47347707948193
3.89671579190040
4.23044080781519
4.66787244090755
3.51923693562958
0.00330414086900059
-0.796472042387757
-0.237041922423146
2.34626124590609
2.64140266519320
2.71604218373759
3.61253111134154
5.26334409198646
5.75716329679710
6.88289073452299
5.53549272367846
4.92731190558147
5.10960622742261
3.29355782786755
1.39304470586249
0.375348205214070
0.251616439102795
0.515244787662898
-0.395026466190186
0.822870923880639
1.80752997330074
1.83359357232223
2.80659978600144
2.79576722596667
3.58528027116773
3.87294775788329
5.18516141876116
5.91112398667997
6.42466323221436
5.04217719693332
2.93285121903976
0.998834685567567
0.910673383920619
3.92765949751480
3.17931342998371
1.69734865584144
-0.0478757257741427
-0.711200506594968
-1.43611382258198
-1.60714037868670
-0.697003516354449
0.420222903345386
0.841312156172897
1.42057175658732
2.61654371555210
2.27080238009537
1.93977680007502
0.996680823540089
1.77184774801228
1.94854126261889
0.424049580032180
-2.36842424129731
-3.25228175863618
-0.981789825274188
0.540732522500327
1.33530509509936
1.77764468795021
2.80541718704352
2.22621526589118
-0.102810116643871
-2.92018383176856
-4.15628755910772
-4.05054417925057
-3.29917836442740
-4.19165527574237
-6.87007247594180
-7.99218712607616
-7.86065983939421
-9.01596965930235
-10.5544763581183
-10.7972387403308
-11.1879536526547
-10.6006371761386
-8.98673196003548
-8.78168044195210
-7.03488545518615
-7.60112288864288
-8.02185190720486
-8.06045639370636
-8.34900821840611
-8.47478266599508
-7.90926245153335
-7.36055742480962
-5.67422121402738
-4.03409224320379
-4.65492071924578
-5.93864987685618
-6.97107501503083
-6.69395459341073
-6.50331824869322
-5.97513288063484
-4.65464218759714
-2.47514132137742
-0.418545330437254
0.489387302060925
2.61172279693366
4.17174954725290
5.73236933787390
4.90205720889002
5.86528928279918
5.66379368543020
5.81080733177643
4.97253964257826
3.48948163171507
3.27899874648325
4.42588878676270
6.85071916855654
7.60188769012814
9.21259327391677
10.0557712439717
11.6383637000249