0
0.00002
0.00004
0.00006
0.00008
0.0001
0.00012
0.00014
0.00016
0.00018
0.0002
0.00022
0.00024
0.00026
0.00028
0.0003
0.00032
0.00034
0.00036
0.00038
0.0004
0.00042
0.00044
0.00046
0.00048
0.0005
0.00052
0.00054
0.00056
0.00058
0.0006
0.00062
0.00064
0.00066
0.00068
0.0007
0.00072
0.00074
0.00076
0.00078
0.0008
0.00082
0.00084
0.00086
0.00088
0.0009
0.00092
0.00094
0.00096
0.00098
0.001
0.00102
0.00104
0.00106
0.00108
0.0011
0.00112
0.00114
0.00116
0.00118
0.0012
0.00122
0.00124
0.00126
0.00128
0.0013
0.00132
0.00134
0.00136
0.00138
0.0014
0.00142
0.00144
0.00146
0.00148
0.0015
0.00152
0.00154
0.00156
0.00158
0.0016
0.00162
0.00164
0.00166
0.00168
0.0017
0.00172
0.00174
0.00176
0.00178
0.0018
0.00182
0.00184
0.00186
0.00188
0.0019
0.00192
0.00194
0.00196
0.00198
0.002
0.00196
0.00192
0.00188
0.00184
0.0018
0.00176
0.00172
0.00168
0.00164
0.0016
0.00156
0.00152
0.00148
0.00144
0.0014
0.00136
0.00132
0.00128
0.00124
0.0012
0.00116
0.00112
0.00108
0.00104
0.001
0.00096
0.00092
0.00088
0.00084
0.0008
0.00076
0.00072
0.00068
0.00064
0.0006
0.00056
0.00052
0.00048
0.00044
0.0004
0.00036
0.00032
0.00028
0.00024
0.0002
0.00016
0.00012
8E-05
4E-05
0
-4E-05
-8E-05
-0.00012
-0.00016
-0.0002
-0.00024
-0.00028
-0.00032
-0.00036
-0.0004
-0.00044
-0.00048
-0.00052
-0.00056
-0.0006
-0.00064
-0.00068
-0.00072
-0.00076
-0.0008
-0.00084
-0.00088
-0.00092
-0.00096
-0.001
-0.00104
-0.00108
-0.00112
-0.00116
-0.0012
-0.00124
-0.00128
-0.00132
-0.00136
-0.0014
-0.00144
-0.00148
-0.00152
-0.00156
-0.0016
-0.00164
-0.00168
-0.00172
-0.00176
-0.0018
-0.00184
-0.00188
-0.00192
-0.00196
-0.002
-0.00196
-0.00192
-0.00188
-0.00184
-0.0018
-0.00176
-0.00172
-0.00168
-0.00164
-0.0016
-0.00156
-0.00152
-0.00148
-0.00144
-0.0014
-0.00136
-0.00132
-0.00128
-0.00124
-0.0012
-0.00116
-0.00112
-0.00108
-0.00104
-0.001
-0.00096
-0.00092
-0.00088
-0.00084
-0.0008
-0.00076
-0.00072
-0.00068
-0.00064
-0.0006
-0.00056
-0.00052
-0.00048
-0.00044
-0.0004
-0.00036
-0.00032
-0.00028
-0.00024
-0.0002
-0.00016
-0.00012
-8E-05
-4E-05
0
4E-05
8E-05
0.00012
0.00016
0.0002
0.00024
0.00028
0.00032
0.00036
0.0004
0.00044
0.00048
0.00052
0.00056
0.0006
0.00064
0.00068
0.00072
0.00076
0.0008
0.00084
0.00088
0.00092
0.00096
0.001
0.00104
0.00108
0.00112
0.00116
0.0012
0.00124
0.00128
0.00132
0.00136
0.0014
0.00144
0.00148
0.00152
0.00156
0.0016
0.00164
0.00168
0.00172
0.00176
0.0018
0.00184
0.00188
0.00192
0.00196
0.002
0.00196
0.00192
0.00188
0.00184
0.0018
0.00176
0.00172
0.00168
0.00164
0.0016
0.00156
0.00152
0.00148
0.00144
0.0014
0.00136
0.00132
0.00128
0.00124
0.0012
0.00116
0.00112
0.00108
0.00104
0.001
0.00096
0.00092
0.00088
0.00084
0.0008
0.00076
0.00072
0.00068
0.00064
0.0006
0.00056
0.00052
0.00048
0.00044
0.0004
0.00036
0.00032
0.00028
0.00024
0.0002
0.00016
0.00012
8E-05
4E-05
0
-4E-05
-8E-05
-0.00012
-0.00016
-0.0002
-0.00024
-0.00028
-0.00032
-0.00036
-0.0004
-0.00044
-0.00048
-0.00052
-0.00056
-0.0006
-0.00064
-0.00068
-0.00072
-0.00076
-0.0008
-0.00084
-0.00088
-0.00092
-0.00096
-0.001
-0.00104
-0.00108
-0.00112
-0.00116
-0.0012
-0.00124
-0.00128
-0.00132
-0.00136
-0.0014
-0.00144
-0.00148
-0.00152
-0.00156
-0.0016
-0.00164
-0.00168
-0.00172
-0.00176
-0.0018
-0.00184
-0.00188
-0.00192
-0.00196
-0.002
-0.0019425
-0.001885
-0.0018275
-0.00177
-0.0017125
-0.001655
-0.0015975
-0.00154
-0.0014825
-0.001425
-0.0013675
-0.00131
-0.0012525
-0.001195
-0.0011375
-0.00108
-0.0010225
-0.000965
-0.0009075
-0.00085
-0.0007925
-0.000735
-0.0006775
-0.00062
-0.0005625
-0.000505
-0.0004475
-0.00039
-0.0003325
-0.000275
-0.0002175
-0.00016
-0.0001025
-4.5E-05
1.25E-05
7E-05
0.0001275
0.000185
0.0002425
0.0003
0.0003575
0.000415
0.0004725
0.00053
0.0005875
0.000645
0.0007025
0.00076
0.0008175
0.000875
0.0009325
0.00099
0.0010475
0.001105
0.0011625
0.00122
0.0012775
0.001335
0.0013925
0.00145
0.0015075
0.001565
0.0016225
0.00168
0.0017375
0.001795
0.0018525
0.00191
0.0019675
0.002025
0.0020825
0.00214
0.0021975
0.002255
0.0023125
0.00237
0.0024275
0.002485
0.0025425
0.0026
0.0026575
0.002715
0.0027725
0.00283
0.0028875
0.002945
0.0030025
0.00306
0.0031175
0.003175
0.0032325
0.00329
0.0033475
0.003405
0.0034625
0.00352
0.0035775
0.003635
0.0036925
0.00375
0.003675
0.0036
0.003525
0.00345
0.003375
0.0033
0.003225
0.00315
0.003075
0.003
0.002925
0.00285
0.002775
0.0027
0.002625
0.00255
0.002475
0.0024
0.002325
0.00225
0.002175
0.0021
0.002025
0.00195
0.001875
0.0018
0.001725
0.00165
0.001575
0.0015
0.001425
0.00135
0.001275
0.0012
0.001125
0.00105
0.000975
0.0009
0.000825
0.00075
0.000675
0.0006
0.000525
0.00045
0.000375
0.0003
0.000225
0.00015
0.000075
0
-0.000075
-0.00015
-0.000225
-0.0003
-0.000375
-0.00045
-0.000525
-0.0006
-0.000675
-0.00075
-0.000825
-0.0009
-0.000975
-0.00105
-0.001125
-0.0012
-0.001275
-0.00135
-0.001425
-0.0015
-0.001575
-0.00165
-0.001725
-0.0018
-0.001875
-0.00195
-0.002025
-0.0021
-0.002175
-0.00225
-0.002325
-0.0024
-0.002475
-0.00255
-0.002625
-0.0027
-0.002775
-0.00285
-0.002925
-0.003
-0.003075
-0.00315
-0.003225
-0.0033
-0.003375
-0.00345
-0.003525
-0.0036
-0.003675
-0.00375
-0.003675
-0.0036
-0.003525
-0.00345
-0.003375
-0.0033
-0.003225
-0.00315
-0.003075
-0.003
-0.002925
-0.00285
-0.002775
-0.0027
-0.002625
-0.00255
-0.002475
-0.0024
-0.002325
-0.00225
-0.002175
-0.0021
-0.002025
-0.00195
-0.001875
-0.0018
-0.001725
-0.00165
-0.001575
-0.0015
-0.001425
-0.00135
-0.001275
-0.0012
-0.001125
-0.00105
-0.000975
-0.0009
-0.000825
-0.00075
-0.000675
-0.0006
-0.000525
-0.00045
-0.000375
-0.0003
-0.000225
-0.00015
-0.000075
0
0.000075
0.00015
0.000225
0.0003
0.000375
0.00045
0.000525
0.0006
0.000675
0.00075
0.000825
0.0009
0.000975
0.00105
0.001125
0.0012
0.001275
0.00135
0.001425
0.0015
0.001575
0.00165
0.001725
0.0018
0.001875
0.00195
0.002025
0.0021
0.002175
0.00225
0.002325
0.0024
0.002475
0.00255
0.002625
0.0027
0.002775
0.00285
0.002925
0.003
0.003075
0.00315
0.003225
0.0033
0.003375
0.00345
0.003525
0.0036
0.003675
0.00375
0.003675
0.0036
0.003525
0.00345
0.003375
0.0033
0.003225
0.00315
0.003075
0.003
0.002925
0.00285
0.002775
0.0027
0.002625
0.00255
0.002475
0.0024
0.002325
0.00225
0.002175
0.0021
0.002025
0.00195
0.001875
0.0018
0.001725
0.00165
0.001575
0.0015
0.001425
0.00135
0.001275
0.0012
0.001125
0.00105
0.000975
0.0009
0.000825
0.00075
0.000675
0.0006
0.000525
0.00045
0.000375
0.0003
0.000225
0.00015
0.000075
0
-0.000075
-0.00015
-0.000225
-0.0003
-0.000375
-0.00045
-0.000525
-0.0006
-0.000675
-0.00075
-0.000825
-0.0009
-0.000975
-0.00105
-0.001125
-0.0012
-0.001275
-0.00135
-0.001425
-0.0015
-0.001575
-0.00165
-0.001725
-0.0018
-0.001875
-0.00195
-0.002025
-0.0021
-0.002175
-0.00225
-0.002325
-0.0024
-0.002475
-0.00255
-0.002625
-0.0027
-0.002775
-0.00285
-0.002925
-0.003
-0.003075
-0.00315
-0.003225
-0.0033
-0.003375
-0.00345
-0.003525
-0.0036
-0.003675
-0.00375
-0.003675
-0.0036
-0.003525
-0.00345
-0.003375
-0.0033
-0.003225
-0.00315
-0.003075
-0.003
-0.002925
-0.00285
-0.002775
-0.0027
-0.002625
-0.00255
-0.002475
-0.0024
-0.002325
-0.00225
-0.002175
-0.0021
-0.002025
-0.00195
-0.001875
-0.0018
-0.001725
-0.00165
-0.001575
-0.0015
-0.001425
-0.00135
-0.001275
-0.0012
-0.001125
-0.00105
-0.000975
-0.0009
-0.000825
-0.00075
-0.000675
-0.0006
-0.000525
-0.00045
-0.000375
-0.0003
-0.000225
-0.00015
-0.000075
0
0.000075
0.00015
0.000225
0.0003
0.000375
0.00045
0.000525
0.0006
0.000675
0.00075
0.000825
0.0009
0.000975
0.00105
0.001125
0.0012
0.001275
0.00135
0.001425
0.0015
0.001575
0.00165
0.001725
0.0018
0.001875
0.00195
0.002025
0.0021
0.002175
0.00225
0.002325
0.0024
0.002475
0.00255
0.002625
0.0027
0.002775
0.00285
0.002925
0.003
0.003075
0.00315
0.003225
0.0033
0.003375
0.00345
0.003525
0.0036
0.003675
0.00375
0.003675
0.0036
0.003525
0.00345
0.003375
0.0033
0.003225
0.00315
0.003075
0.003
0.002925
0.00285
0.002775
0.0027
0.002625
0.00255
0.002475
0.0024
0.002325
0.00225
0.002175
0.0021
0.002025
0.00195
0.001875
0.0018
0.001725
0.00165
0.001575
0.0015
0.001425
0.00135
0.001275
0.0012
0.001125
0.00105
0.000975
0.0009
0.000825
0.00075
0.000675
0.0006
0.000525
0.00045
0.000375
0.0003
0.000225
0.00015
0.000075
0
-0.000075
-0.00015
-0.000225
-0.0003
-0.000375
-0.00045
-0.000525
-0.0006
-0.000675
-0.00075
-0.000825
-0.0009
-0.000975
-0.00105
-0.001125
-0.0012
-0.001275
-0.00135
-0.001425
-0.0015
-0.001575
-0.00165
-0.001725
-0.0018
-0.001875
-0.00195
-0.002025
-0.0021
-0.002175
-0.00225
-0.002325
-0.0024
-0.002475
-0.00255
-0.002625
-0.0027
-0.002775
-0.00285
-0.002925
-0.003
-0.003075
-0.00315
-0.003225
-0.0033
-0.003375
-0.00345
-0.003525
-0.0036
-0.003675
-0.00375
-0.003675
-0.0036
-0.003525
-0.00345
-0.003375
-0.0033
-0.003225
-0.00315
-0.003075
-0.003
-0.002925
-0.00285
-0.002775
-0.0027
-0.002625
-0.00255
-0.002475
-0.0024
-0.002325
-0.00225
-0.002175
-0.0021
-0.002025
-0.00195
-0.001875
-0.0018
-0.001725
-0.00165
-0.001575
-0.0015
-0.001425
-0.00135
-0.001275
-0.0012
-0.001125
-0.00105
-0.000975
-0.0009
-0.000825
-0.00075
-0.000675
-0.0006
-0.000525
-0.00045
-0.000375
-0.0003
-0.000225
-0.00015
-0.000075
0
0.000075
0.00015
0.000225
0.0003
0.000375
0.00045
0.000525
0.0006
0.000675
0.00075
0.000825
0.0009
0.000975
0.00105
0.001125
0.0012
0.001275
0.00135
0.001425
0.0015
0.001575
0.00165
0.001725
0.0018
0.001875
0.00195
0.002025
0.0021
0.002175
0.00225
0.002325
0.0024
0.002475
0.00255
0.002625
0.0027
0.002775
0.00285
0.002925
0.003
0.003075
0.00315
0.003225
0.0033
0.003375
0.00345
0.003525
0.0036
0.003675
0.00375
0.003675
0.0036
0.003525
0.00345
0.003375
0.0033
0.003225
0.00315
0.003075
0.003
0.002925
0.00285
0.002775
0.0027
0.002625
0.00255
0.002475
0.0024
0.002325
0.00225
0.002175
0.0021
0.002025
0.00195
0.001875
0.0018
0.001725
0.00165
0.001575
0.0015
0.001425
0.00135
0.001275
0.0012
0.001125
0.00105
0.000975
0.0009
0.000825
0.00075
0.000675
0.0006
0.000525
0.00045
0.000375
0.0003
0.000225
0.00015
0.000075
0
-0.000075
-0.00015
-0.000225
-0.0003
-0.000375
-0.00045
-0.000525
-0.0006
-0.000675
-0.00075
-0.000825
-0.0009
-0.000975
-0.00105
-0.001125
-0.0012
-0.001275
-0.00135
-0.001425
-0.0015
-0.001575
-0.00165
-0.001725
-0.0018
-0.001875
-0.00195
-0.002025
-0.0021
-0.002175
-0.00225
-0.002325
-0.0024
-0.002475
-0.00255
-0.002625
-0.0027
-0.002775
-0.00285
-0.002925
-0.003
-0.003075
-0.00315
-0.003225
-0.0033
-0.003375
-0.00345
-0.003525
-0.0036
-0.003675
-0.00375
-0.003675
-0.0036
-0.003525
-0.00345
-0.003375
-0.0033
-0.003225
-0.00315
-0.003075
-0.003
-0.002925
-0.00285
-0.002775
-0.0027
-0.002625
-0.00255
-0.002475
-0.0024
-0.002325
-0.00225
-0.002175
-0.0021
-0.002025
-0.00195
-0.001875
-0.0018
-0.001725
-0.00165
-0.001575
-0.0015
-0.001425
-0.00135
-0.001275
-0.0012
-0.001125
-0.00105
-0.000975
-0.0009
-0.000825
-0.00075
-0.000675
-0.0006
-0.000525
-0.00045
-0.000375
-0.0003
-0.000225
-0.00015
-0.000075
0
0.000075
0.00015
0.000225
0.0003
0.000375
0.00045
0.000525
0.0006
0.000675
0.00075
0.000825
0.0009
0.000975
0.00105
0.001125
0.0012
0.001275
0.00135
0.001425
0.0015
0.001575
0.00165
0.001725
0.0018
0.001875
0.00195
0.002025
0.0021
0.002175
0.00225
0.002325
0.0024
0.002475
0.00255
0.002625
0.0027
0.002775
0.00285
0.002925
0.003
0.003075
0.00315
0.003225
0.0033
0.003375
0.00345
0.003525
0.0036
0.003675
0.00375
0.003675
0.0036
0.003525
0.00345
0.003375
0.0033
0.003225
0.00315
0.003075
0.003
0.002925
0.00285
0.002775
0.0027
0.002625
0.00255
0.002475
0.0024
0.002325
0.00225
0.002175
0.0021
0.002025
0.00195
0.001875
0.0018
0.001725
0.00165
0.001575
0.0015
0.001425
0.00135
0.001275
0.0012
0.001125
0.00105
0.000975
0.0009
0.000825
0.00075
0.000675
0.0006
0.000525
0.00045
0.000375
0.0003
0.000225
0.00015
0.000075
0
-0.000075
-0.00015
-0.000225
-0.0003
-0.000375
-0.00045
-0.000525
-0.0006
-0.000675
-0.00075
-0.000825
-0.0009
-0.000975
-0.00105
-0.001125
-0.0012
-0.001275
-0.00135
-0.001425
-0.0015
-0.001575
-0.00165
-0.001725
-0.0018
-0.001875
-0.00195
-0.002025
-0.0021
-0.002175
-0.00225
-0.002325
-0.0024
-0.002475
-0.00255
-0.002625
-0.0027
-0.002775
-0.00285
-0.002925
-0.003
-0.003075
-0.00315
-0.003225
-0.0033
-0.003375
-0.00345
-0.003525
-0.0036
-0.003675
-0.00375
-0.003675
-0.0036
-0.003525
-0.00345
-0.003375
-0.0033
-0.003225
-0.00315
-0.003075
-0.003
-0.002925
-0.00285
-0.002775
-0.0027
-0.002625
-0.00255
-0.002475
-0.0024
-0.002325
-0.00225
-0.002175
-0.0021
-0.002025
-0.00195
-0.001875
-0.0018
-0.001725
-0.00165
-0.001575
-0.0015
-0.001425
-0.00135
-0.001275
-0.0012
-0.001125
-0.00105
-0.000975
-0.0009
-0.000825
-0.00075
-0.000675
-0.0006
-0.000525
-0.00045
-0.000375
-0.0003
-0.000225
-0.00015
-0.000075
0
0.000075
0.00015
0.000225
0.0003
0.000375
0.00045
0.000525
0.0006
0.000675
0.00075
0.000825
0.0009
0.000975
0.00105
0.001125
0.0012
0.001275
0.00135
0.001425
0.0015
0.001575
0.00165
0.001725
0.0018
0.001875
0.00195
0.002025
0.0021
0.002175
0.00225
0.002325
0.0024
0.002475
0.00255
0.002625
0.0027
0.002775
0.00285
0.002925
0.003
0.003075
0.00315
0.003225
0.0033
0.003375
0.00345
0.003525
0.0036
0.003675
0.00375
0.003675
0.0036
0.003525
0.00345
0.003375
0.0033
0.003225
0.00315
0.003075
0.003
0.002925
0.00285
0.002775
0.0027
0.002625
0.00255
0.002475
0.0024
0.002325
0.00225
0.002175
0.0021
0.002025
0.00195
0.001875
0.0018
0.001725
0.00165
0.001575
0.0015
0.001425
0.00135
0.001275
0.0012
0.001125
0.00105
0.000975
0.0009
0.000825
0.00075
0.000675
0.0006
0.000525
0.00045
0.000375
0.0003
0.000225
0.00015
0.000075
0
-0.000075
-0.00015
-0.000225
-0.0003
-0.000375
-0.00045
-0.000525
-0.0006
-0.000675
-0.00075
-0.000825
-0.0009
-0.000975
-0.00105
-0.001125
-0.0012
-0.001275
-0.00135
-0.001425
-0.0015
-0.001575
-0.00165
-0.001725
-0.0018
-0.001875
-0.00195
-0.002025
-0.0021
-0.002175
-0.00225
-0.002325
-0.0024
-0.002475
-0.00255
-0.002625
-0.0027
-0.002775
-0.00285
-0.002925
-0.003
-0.003075
-0.00315
-0.003225
-0.0033
-0.003375
-0.00345
-0.003525
-0.0036
-0.003675
-0.00375
-0.0036625
-0.003575
-0.0034875
-0.0034
-0.0033125
-0.003225
-0.0031375
-0.00305
-0.0029625
-0.002875
-0.0027875
-0.0027
-0.0026125
-0.002525
-0.0024375
-0.00235
-0.0022625
-0.002175
-0.0020875
-0.002
-0.0019125
-0.001825
-0.0017375
-0.00165
-0.0015625
-0.001475
-0.0013875
-0.0013
-0.0012125
-0.001125
-0.0010375
-0.00095
-0.0008625
-0.000775
-0.0006875
-0.0006
-0.0005125
-0.000425
-0.0003375
-0.00025
-0.0001625
-0.000075
1.25E-05
0.0001
0.0001875
0.000275
0.0003625
0.00045
0.0005375
0.000625
0.0007125
0.0008
0.0008875
0.000975
0.0010625
0.00115
0.0012375
0.001325
0.0014125
0.0015
0.0015875
0.001675
0.0017625
0.00185
0.0019375
0.002025
0.0021125
0.0022
0.0022875
0.002375
0.0024625
0.00255
0.0026375
0.002725
0.0028125
0.0029
0.0029875
0.003075
0.0031625
0.00325
0.0033375
0.003425
0.0035125
0.0036
0.0036875
0.003775
0.0038625
0.00395
0.0040375
0.004125
0.0042125
0.0043
0.0043875
0.004475
0.0045625
0.00465
0.0047375
0.004825
0.0049125
0.005
0.0049
0.0048
0.0047
0.0046
0.0045
0.0044
0.0043
0.0042
0.0041
0.004
0.0039
0.0038
0.0037
0.0036
0.0035
0.0034
0.0033
0.0032
0.0031
0.003
0.0029
0.0028
0.0027
0.0026
0.0025
0.0024
0.0023
0.0022
0.0021
0.002
0.0019
0.0018
0.0017
0.0016
0.0015
0.0014
0.0013
0.0012
0.0011
0.001
0.0009
0.0008
0.0007
0.0006
0.0005
0.0004
0.0003
0.0002
0.0001
0
-0.0001
-0.0002
-0.0003
-0.0004
-0.0005
-0.0006
-0.0007
-0.0008
-0.0009
-0.001
-0.0011
-0.0012
-0.0013
-0.0014
-0.0015
-0.0016
-0.0017
-0.0018
-0.0019
-0.002
-0.0021
-0.0022
-0.0023
-0.0024
-0.0025
-0.0026
-0.0027
-0.0028
-0.0029
-0.003
-0.0031
-0.0032
-0.0033
-0.0034
-0.0035
-0.0036
-0.0037
-0.0038
-0.0039
-0.004
-0.0041
-0.0042
-0.0043
-0.0044
-0.0045
-0.0046
-0.0047
-0.0048
-0.0049
-0.005
-0.0049
-0.0048
-0.0047
-0.0046
-0.0045
-0.0044
-0.0043
-0.0042
-0.0041
-0.004
-0.0039
-0.0038
-0.0037
-0.0036
-0.0035
-0.0034
-0.0033
-0.0032
-0.0031
-0.003
-0.0029
-0.0028
-0.0027
-0.0026
-0.0025
-0.0024
-0.0023
-0.0022
-0.0021
-0.002
-0.0019
-0.0018
-0.0017
-0.0016
-0.0015
-0.0014
-0.0013
-0.0012
-0.0011
-0.001
-0.0009
-0.0008
-0.0007
-0.0006
-0.0005
-0.0004
-0.0003
-0.0002
-0.0001
0
0.0001
0.0002
0.0003
0.0004
0.0005
0.0006
0.0007
0.0008
0.0009
0.001
0.0011
0.0012
0.0013
0.0014
0.0015
0.0016
0.0017
0.0018
0.0019
0.002
0.0021
0.0022
0.0023
0.0024
0.0025
0.0026
0.0027
0.0028
0.0029
0.003
0.0031
0.0032
0.0033
0.0034
0.0035
0.0036
0.0037
0.0038
0.0039
0.004
0.0041
0.0042
0.0043
0.0044
0.0045
0.0046
0.0047
0.0048
0.0049
0.005
0.0049
0.0048
0.0047
0.0046
0.0045
0.0044
0.0043
0.0042
0.0041
0.004
0.0039
0.0038
0.0037
0.0036
0.0035
0.0034
0.0033
0.0032
0.0031
0.003
0.0029
0.0028
0.0027
0.0026
0.0025
0.0024
0.0023
0.0022
0.0021
0.002
0.0019
0.0018
0.0017
0.0016
0.0015
0.0014
0.0013
0.0012
0.0011
0.001
0.0009
0.0008
0.0007
0.0006
0.0005
0.0004
0.0003
0.0002
0.0001
0
-0.0001
-0.0002
-0.0003
-0.0004
-0.0005
-0.0006
-0.0007
-0.0008
-0.0009
-0.001
-0.0011
-0.0012
-0.0013
-0.0014
-0.0015
-0.0016
-0.0017
-0.0018
-0.0019
-0.002
-0.0021
-0.0022
-0.0023
-0.0024
-0.0025
-0.0026
-0.0027
-0.0028
-0.0029
-0.003
-0.0031
-0.0032
-0.0033
-0.0034
-0.0035
-0.0036
-0.0037
-0.0038
-0.0039
-0.004
-0.0041
-0.0042
-0.0043
-0.0044
-0.0045
-0.0046
-0.0047
-0.0048
-0.0049
-0.005
-0.0049
-0.0048
-0.0047
-0.0046
-0.0045
-0.0044
-0.0043
-0.0042
-0.0041
-0.004
-0.0039
-0.0038
-0.0037
-0.0036
-0.0035
-0.0034
-0.0033
-0.0032
-0.0031
-0.003
-0.0029
-0.0028
-0.0027
-0.0026
-0.0025
-0.0024
-0.0023
-0.0022
-0.0021
-0.002
-0.0019
-0.0018
-0.0017
-0.0016
-0.0015
-0.0014
-0.0013
-0.0012
-0.0011
-0.001
-0.0009
-0.0008
-0.0007
-0.0006
-0.0005
-0.0004
-0.0003
-0.0002
-0.0001
0
0.0001
0.0002
0.0003
0.0004
0.0005
0.0006
0.0007
0.0008
0.0009
0.001
0.0011
0.0012
0.0013
0.0014
0.0015
0.0016
0.0017
0.0018
0.0019
0.002
0.0021
0.0022
0.0023
0.0024
0.0025
0.0026
0.0027
0.0028
0.0029
0.003
0.0031
0.0032
0.0033
0.0034
0.0035
0.0036
0.0037
0.0038
0.0039
0.004
0.0041
0.0042
0.0043
0.0044
0.0045
0.0046
0.0047
0.0048
0.0049
0.005
0.0049
0.0048
0.0047
0.0046
0.0045
0.0044
0.0043
0.0042
0.0041
0.004
0.0039
0.0038
0.0037
0.0036
0.0035
0.0034
0.0033
0.0032
0.0031
0.003
0.0029
0.0028
0.0027
0.0026
0.0025
0.0024
0.0023
0.0022
0.0021
0.002
0.0019
0.0018
0.0017
0.0016
0.0015
0.0014
0.0013
0.0012
0.0011
0.001
0.0009
0.0008
0.0007
0.0006
0.0005
0.0004
0.0003
0.0002
0.0001
0
-0.0001
-0.0002
-0.0003
-0.0004
-0.0005
-0.0006
-0.0007
-0.0008
-0.0009
-0.001
-0.0011
-0.0012
-0.0013
-0.0014
-0.0015
-0.0016
-0.0017
-0.0018
-0.0019
-0.002
-0.0021
-0.0022
-0.0023
-0.0024
-0.0025
-0.0026
-0.0027
-0.0028
-0.0029
-0.003
-0.0031
-0.0032
-0.0033
-0.0034
-0.0035
-0.0036
-0.0037
-0.0038
-0.0039
-0.004
-0.0041
-0.0042
-0.0043
-0.0044
-0.0045
-0.0046
-0.0047
-0.0048
-0.0049
-0.005
-0.0049
-0.0048
-0.0047
-0.0046
-0.0045
-0.0044
-0.0043
-0.0042
-0.0041
-0.004
-0.0039
-0.0038
-0.0037
-0.0036
-0.0035
-0.0034
-0.0033
-0.0032
-0.0031
-0.003
-0.0029
-0.0028
-0.0027
-0.0026
-0.0025
-0.0024
-0.0023
-0.0022
-0.0021
-0.002
-0.0019
-0.0018
-0.0017
-0.0016
-0.0015
-0.0014
-0.0013
-0.0012
-0.0011
-0.001
-0.0009
-0.0008
-0.0007
-0.0006
-0.0005
-0.0004
-0.0003
-0.0002
-0.0001
0
0.0001
0.0002
0.0003
0.0004
0.0005
0.0006
0.0007
0.0008
0.0009
0.001
0.0011
0.0012
0.0013
0.0014
0.0015
0.0016
0.0017
0.0018
0.0019
0.002
0.0021
0.0022
0.0023
0.0024
0.0025
0.0026
0.0027
0.0028
0.0029
0.003
0.0031
0.0032
0.0033
0.0034
0.0035
0.0036
0.0037
0.0038
0.0039
0.004
0.0041
0.0042
0.0043
0.0044
0.0045
0.0046
0.0047
0.0048
0.0049
0.005
0.0049
0.0048
0.0047
0.0046
0.0045
0.0044
0.0043
0.0042
0.0041
0.004
0.0039
0.0038
0.0037
0.0036
0.0035
0.0034
0.0033
0.0032
0.0031
0.003
0.0029
0.0028
0.0027
0.0026
0.0025
0.0024
0.0023
0.0022
0.0021
0.002
0.0019
0.0018
0.0017
0.0016
0.0015
0.0014
0.0013
0.0012
0.0011
0.001
0.0009
0.0008
0.0007
0.0006
0.0005
0.0004
0.0003
0.0002
0.0001
0
-0.0001
-0.0002
-0.0003
-0.0004
-0.0005
-0.0006
-0.0007
-0.0008
-0.0009
-0.001
-0.0011
-0.0012
-0.0013
-0.0014
-0.0015
-0.0016
-0.0017
-0.0018
-0.0019
-0.002
-0.0021
-0.0022
-0.0023
-0.0024
-0.0025
-0.0026
-0.0027
-0.0028
-0.0029
-0.003
-0.0031
-0.0032
-0.0033
-0.0034
-0.0035
-0.0036
-0.0037
-0.0038
-0.0039
-0.004
-0.0041
-0.0042
-0.0043
-0.0044
-0.0045
-0.0046
-0.0047
-0.0048
-0.0049
-0.005
-0.0049
-0.0048
-0.0047
-0.0046
-0.0045
-0.0044
-0.0043
-0.0042
-0.0041
-0.004
-0.0039
-0.0038
-0.0037
-0.0036
-0.0035
-0.0034
-0.0033
-0.0032
-0.0031
-0.003
-0.0029
-0.0028
-0.0027
-0.0026
-0.0025
-0.0024
-0.0023
-0.0022
-0.0021
-0.002
-0.0019
-0.0018
-0.0017
-0.0016
-0.0015
-0.0014
-0.0013
-0.0012
-0.0011
-0.001
-0.0009
-0.0008
-0.0007
-0.0006
-0.0005
-0.0004
-0.0003
-0.0002
-0.0001
0
0.0001
0.0002
0.0003
0.0004
0.0005
0.0006
0.0007
0.0008
0.0009
0.001
0.0011
0.0012
0.0013
0.0014
0.0015
0.0016
0.0017
0.0018
0.0019
0.002
0.0021
0.0022
0.0023
0.0024
0.0025
0.0026
0.0027
0.0028
0.0029
0.003
0.0031
0.0032
0.0033
0.0034
0.0035
0.0036
0.0037
0.0038
0.0039
0.004
0.0041
0.0042
0.0043
0.0044
0.0045
0.0046
0.0047
0.0048
0.0049
0.005
0.0049
0.0048
0.0047
0.0046
0.0045
0.0044
0.0043
0.0042
0.0041
0.004
0.0039
0.0038
0.0037
0.0036
0.0035
0.0034
0.0033
0.0032
0.0031
0.003
0.0029
0.0028
0.0027
0.0026
0.0025
0.0024
0.0023
0.0022
0.0021
0.002
0.0019
0.0018
0.0017
0.0016
0.0015
0.0014
0.0013
0.0012
0.0011
0.001
0.0009
0.0008
0.0007
0.0006
0.0005
0.0004
0.0003
0.0002
0.0001
0
-0.0001
-0.0002
-0.0003
-0.0004
-0.0005
-0.0006
-0.0007
-0.0008
-0.0009
-0.001
-0.0011
-0.0012
-0.0013
-0.0014
-0.0015
-0.0016
-0.0017
-0.0018
-0.0019
-0.002
-0.0021
-0.0022
-0.0023
-0.0024
-0.0025
-0.0026
-0.0027
-0.0028
-0.0029
-0.003
-0.0031
-0.0032
-0.0033
-0.0034
-0.0035
-0.0036
-0.0037
-0.0038
-0.0039
-0.004
-0.0041
-0.0042
-0.0043
-0.0044
-0.0045
-0.0046
-0.0047
-0.0048
-0.0049
-0.005
-0.0049
-0.0048
-0.0047
-0.0046
-0.0045
-0.0044
-0.0043
-0.0042
-0.0041
-0.004
-0.0039
-0.0038
-0.0037
-0.0036
-0.0035
-0.0034
-0.0033
-0.0032
-0.0031
-0.003
-0.0029
-0.0028
-0.0027
-0.0026
-0.0025
-0.0024
-0.0023
-0.0022
-0.0021
-0.002
-0.0019
-0.0018
-0.0017
-0.0016
-0.0015
-0.0014
-0.0013
-0.0012
-0.0011
-0.001
-0.0009
-0.0008
-0.0007
-0.0006
-0.0005
-0.0004
-0.0003
-0.0002
-0.0001
0
0.0001
0.0002
0.0003
0.0004
0.0005
0.0006
0.0007
0.0008
0.0009
0.001
0.0011
0.0012
0.0013
0.0014
0.0015
0.0016
0.0017
0.0018
0.0019
0.002
0.0021
0.0022
0.0023
0.0024
0.0025
0.0026
0.0027
0.0028
0.0029
0.003
0.0031
0.0032
0.0033
0.0034
0.0035
0.0036
0.0037
0.0038
0.0039
0.004
0.0041
0.0042
0.0043
0.0044
0.0045
0.0046
0.0047
0.0048
0.0049
0.005
0.0049
0.0048
0.0047
0.0046
0.0045
0.0044
0.0043
0.0042
0.0041
0.004
0.0039
0.0038
0.0037
0.0036
0.0035
0.0034
0.0033
0.0032
0.0031
0.003
0.0029
0.0028
0.0027
0.0026
0.0025
0.0024
0.0023
0.0022
0.0021
0.002
0.0019
0.0018
0.0017
0.0016
0.0015
0.0014
0.0013
0.0012
0.0011
0.001
0.0009
0.0008
0.0007
0.0006
0.0005
0.0004
0.0003
0.0002
0.0001
0
-0.0001
-0.0002
-0.0003
-0.0004
-0.0005
-0.0006
-0.0007
-0.0008
-0.0009
-0.001
-0.0011
-0.0012
-0.0013
-0.0014
-0.0015
-0.0016
-0.0017
-0.0018
-0.0019
-0.002
-0.0021
-0.0022
-0.0023
-0.0024
-0.0025
-0.0026
-0.0027
-0.0028
-0.0029
-0.003
-0.0031
-0.0032
-0.0033
-0.0034
-0.0035
-0.0036
-0.0037
-0.0038
-0.0039
-0.004
-0.0041
-0.0042
-0.0043
-0.0044
-0.0045
-0.0046
-0.0047
-0.0048
-0.0049
-0.005
-0.004875
-0.00475
-0.004625
-0.0045
-0.004375
-0.00425
-0.004125
-0.004
-0.003875
-0.00375
-0.003625
-0.0035
-0.003375
-0.00325
-0.003125
-0.003
-0.002875
-0.00275
-0.002625
-0.0025
-0.002375
-0.00225
-0.002125
-0.002
-0.001875
-0.00175
-0.001625
-0.0015
-0.001375
-0.00125
-0.001125
-0.001
-0.000875
-0.00075
-0.000625
-0.0005
-0.000375
-0.00025
-0.000125
0
0.000125
0.00025
0.000375
0.0005
0.000625
0.00075
0.000875
0.001
0.001125
0.00125
0.001375
0.0015
0.001625
0.00175
0.001875
0.002
0.002125
0.00225
0.002375
0.0025
0.002625
0.00275
0.002875
0.003
0.003125
0.00325
0.003375
0.0035
0.003625
0.00375
0.003875
0.004
0.004125
0.00425
0.004375
0.0045
0.004625
0.00475
0.004875
0.005
0.005125
0.00525
0.005375
0.0055
0.005625
0.00575
0.005875
0.006
0.006125
0.00625
0.006375
0.0065
0.006625
0.00675
0.006875
0.007
0.007125
0.00725
0.007375
0.0075
0.00735
0.0072
0.00705
0.0069
0.00675
0.0066
0.00645
0.0063
0.00615
0.006
0.00585
0.0057
0.00555
0.0054
0.00525
0.0051
0.00495
0.0048
0.00465
0.0045
0.00435
0.0042
0.00405
0.0039
0.00375
0.0036
0.00345
0.0033
0.00315
0.003
0.00285
0.0027
0.00255
0.0024
0.00225
0.0021
0.00195
0.0018
0.00165
0.0015
0.00135
0.0012
0.00105
0.0009
0.00075
0.0006
0.00045
0.0003
0.00015
0
-0.00015
-0.0003
-0.00045
-0.0006
-0.00075
-0.0009
-0.00105
-0.0012
-0.00135
-0.0015
-0.00165
-0.0018
-0.00195
-0.0021
-0.00225
-0.0024
-0.00255
-0.0027
-0.00285
-0.003
-0.00315
-0.0033
-0.00345
-0.0036
-0.00375
-0.0039
-0.00405
-0.0042
-0.00435
-0.0045
-0.00465
-0.0048
-0.00495
-0.0051
-0.00525
-0.0054
-0.00555
-0.0057
-0.00585
-0.006
-0.00615
-0.0063
-0.00645
-0.0066
-0.00675
-0.0069
-0.00705
-0.0072
-0.00735
-0.0075
-0.00735
-0.0072
-0.00705
-0.0069
-0.00675
-0.0066
-0.00645
-0.0063
-0.00615
-0.006
-0.00585
-0.0057
-0.00555
-0.0054
-0.00525
-0.0051
-0.00495
-0.0048
-0.00465
-0.0045
-0.00435
-0.0042
-0.00405
-0.0039
-0.00375
-0.0036
-0.00345
-0.0033
-0.00315
-0.003
-0.00285
-0.0027
-0.00255
-0.0024
-0.00225
-0.0021
-0.00195
-0.0018
-0.00165
-0.0015
-0.00135
-0.0012
-0.00105
-0.0009
-0.00075
-0.0006
-0.00045
-0.0003
-0.00015
0
0.00015
0.0003
0.00045
0.0006
0.00075
0.0009
0.00105
0.0012
0.00135
0.0015
0.00165
0.0018
0.00195
0.0021
0.00225
0.0024
0.00255
0.0027
0.00285
0.003
0.00315
0.0033
0.00345
0.0036
0.00375
0.0039
0.00405
0.0042
0.00435
0.0045
0.00465
0.0048
0.00495
0.0051
0.00525
0.0054
0.00555
0.0057
0.00585
0.006
0.00615
0.0063
0.00645
0.0066
0.00675
0.0069
0.00705
0.0072
0.00735
0.0075
0.00735
0.0072
0.00705
0.0069
0.00675
0.0066
0.00645
0.0063
0.00615
0.006
0.00585
0.0057
0.00555
0.0054
0.00525
0.0051
0.00495
0.0048
0.00465
0.0045
0.00435
0.0042
0.00405
0.0039
0.00375
0.0036
0.00345
0.0033
0.00315
0.003
0.00285
0.0027
0.00255
0.0024
0.00225
0.0021
0.00195
0.0018
0.00165
0.0015
0.00135
0.0012
0.00105
0.0009
0.00075
0.0006
0.00045
0.0003
0.00015
0
-0.00015
-0.0003
-0.00045
-0.0006
-0.00075
-0.0009
-0.00105
-0.0012
-0.00135
-0.0015
-0.00165
-0.0018
-0.00195
-0.0021
-0.00225
-0.0024
-0.00255
-0.0027
-0.00285
-0.003
-0.00315
-0.0033
-0.00345
-0.0036
-0.00375
-0.0039
-0.00405
-0.0042
-0.00435
-0.0045
-0.00465
-0.0048
-0.00495
-0.0051
-0.00525
-0.0054
-0.00555
-0.0057
-0.00585
-0.006
-0.00615
-0.0063
-0.00645
-0.0066
-0.00675
-0.0069
-0.00705
-0.0072
-0.00735
-0.0075
-0.00735
-0.0072
-0.00705
-0.0069
-0.00675
-0.0066
-0.00645
-0.0063
-0.00615
-0.006
-0.00585
-0.0057
-0.00555
-0.0054
-0.00525
-0.0051
-0.00495
-0.0048
-0.00465
-0.0045
-0.00435
-0.0042
-0.00405
-0.0039
-0.00375
-0.0036
-0.00345
-0.0033
-0.00315
-0.003
-0.00285
-0.0027
-0.00255
-0.0024
-0.00225
-0.0021
-0.00195
-0.0018
-0.00165
-0.0015
-0.00135
-0.0012
-0.00105
-0.0009
-0.00075
-0.0006
-0.00045
-0.0003
-0.00015
0
0.00015
0.0003
0.00045
0.0006
0.00075
0.0009
0.00105
0.0012
0.00135
0.0015
0.00165
0.0018
0.00195
0.0021
0.00225
0.0024
0.00255
0.0027
0.00285
0.003
0.00315
0.0033
0.00345
0.0036
0.00375
0.0039
0.00405
0.0042
0.00435
0.0045
0.00465
0.0048
0.00495
0.0051
0.00525
0.0054
0.00555
0.0057
0.00585
0.006
0.00615
0.0063
0.00645
0.0066
0.00675
0.0069
0.00705
0.0072
0.00735
0.0075
0.00735
0.0072
0.00705
0.0069
0.00675
0.0066
0.00645
0.0063
0.00615
0.006
0.00585
0.0057
0.00555
0.0054
0.00525
0.0051
0.00495
0.0048
0.00465
0.0045
0.00435
0.0042
0.00405
0.0039
0.00375
0.0036
0.00345
0.0033
0.00315
0.003
0.00285
0.0027
0.00255
0.0024
0.00225
0.0021
0.00195
0.0018
0.00165
0.0015
0.00135
0.0012
0.00105
0.0009
0.00075
0.0006
0.00045
0.0003
0.00015
0
-0.00015
-0.0003
-0.00045
-0.0006
-0.00075
-0.0009
-0.00105
-0.0012
-0.00135
-0.0015
-0.00165
-0.0018
-0.00195
-0.0021
-0.00225
-0.0024
-0.00255
-0.0027
-0.00285
-0.003
-0.00315
-0.0033
-0.00345
-0.0036
-0.00375
-0.0039
-0.00405
-0.0042
-0.00435
-0.0045
-0.00465
-0.0048
-0.00495
-0.0051
-0.00525
-0.0054
-0.00555
-0.0057
-0.00585
-0.006
-0.00615
-0.0063
-0.00645
-0.0066
-0.00675
-0.0069
-0.00705
-0.0072
-0.00735
-0.0075
-0.00735
-0.0072
-0.00705
-0.0069
-0.00675
-0.0066
-0.00645
-0.0063
-0.00615
-0.006
-0.00585
-0.0057
-0.00555
-0.0054
-0.00525
-0.0051
-0.00495
-0.0048
-0.00465
-0.0045
-0.00435
-0.0042
-0.00405
-0.0039
-0.00375
-0.0036
-0.00345
-0.0033
-0.00315
-0.003
-0.00285
-0.0027
-0.00255
-0.0024
-0.00225
-0.0021
-0.00195
-0.0018
-0.00165
-0.0015
-0.00135
-0.0012
-0.00105
-0.0009
-0.00075
-0.0006
-0.00045
-0.0003
-0.00015
0
0.00015
0.0003
0.00045
0.0006
0.00075
0.0009
0.00105
0.0012
0.00135
0.0015
0.00165
0.0018
0.00195
0.0021
0.00225
0.0024
0.00255
0.0027
0.00285
0.003
0.00315
0.0033
0.00345
0.0036
0.00375
0.0039
0.00405
0.0042
0.00435
0.0045
0.00465
0.0048
0.00495
0.0051
0.00525
0.0054
0.00555
0.0057
0.00585
0.006
0.00615
0.0063
0.00645
0.0066
0.00675
0.0069
0.00705
0.0072
0.00735
0.0075
0.00735
0.0072
0.00705
0.0069
0.00675
0.0066
0.00645
0.0063
0.00615
0.006
0.00585
0.0057
0.00555
0.0054
0.00525
0.0051
0.00495
0.0048
0.00465
0.0045
0.00435
0.0042
0.00405
0.0039
0.00375
0.0036
0.00345
0.0033
0.00315
0.003
0.00285
0.0027
0.00255
0.0024
0.00225
0.0021
0.00195
0.0018
0.00165
0.0015
0.00135
0.0012
0.00105
0.0009
0.00075
0.0006
0.00045
0.0003
0.00015
0
-0.00015
-0.0003
-0.00045
-0.0006
-0.00075
-0.0009
-0.00105
-0.0012
-0.00135
-0.0015
-0.00165
-0.0018
-0.00195
-0.0021
-0.00225
-0.0024
-0.00255
-0.0027
-0.00285
-0.003
-0.00315
-0.0033
-0.00345
-0.0036
-0.00375
-0.0039
-0.00405
-0.0042
-0.00435
-0.0045
-0.00465
-0.0048
-0.00495
-0.0051
-0.00525
-0.0054
-0.00555
-0.0057
-0.00585
-0.006
-0.00615
-0.0063
-0.00645
-0.0066
-0.00675
-0.0069
-0.00705
-0.0072
-0.00735
-0.0075
-0.00735
-0.0072
-0.00705
-0.0069
-0.00675
-0.0066
-0.00645
-0.0063
-0.00615
-0.006
-0.00585
-0.0057
-0.00555
-0.0054
-0.00525
-0.0051
-0.00495
-0.0048
-0.00465
-0.0045
-0.00435
-0.0042
-0.00405
-0.0039
-0.00375
-0.0036
-0.00345
-0.0033
-0.00315
-0.003
-0.00285
-0.0027
-0.00255
-0.0024
-0.00225
-0.0021
-0.00195
-0.0018
-0.00165
-0.0015
-0.00135
-0.0012
-0.00105
-0.0009
-0.00075
-0.0006
-0.00045
-0.0003
-0.00015
0
0.00015
0.0003
0.00045
0.0006
0.00075
0.0009
0.00105
0.0012
0.00135
0.0015
0.00165
0.0018
0.00195
0.0021
0.00225
0.0024
0.00255
0.0027
0.00285
0.003
0.00315
0.0033
0.00345
0.0036
0.00375
0.0039
0.00405
0.0042
0.00435
0.0045
0.00465
0.0048
0.00495
0.0051
0.00525
0.0054
0.00555
0.0057
0.00585
0.006
0.00615
0.0063
0.00645
0.0066
0.00675
0.0069
0.00705
0.0072
0.00735
0.0075
0.00735
0.0072
0.00705
0.0069
0.00675
0.0066
0.00645
0.0063
0.00615
0.006
0.00585
0.0057
0.00555
0.0054
0.00525
0.0051
0.00495
0.0048
0.00465
0.0045
0.00435
0.0042
0.00405
0.0039
0.00375
0.0036
0.00345
0.0033
0.00315
0.003
0.00285
0.0027
0.00255
0.0024
0.00225
0.0021
0.00195
0.0018
0.00165
0.0015
0.00135
0.0012
0.00105
0.0009
0.00075
0.0006
0.00045
0.0003
0.00015
0
-0.00015
-0.0003
-0.00045
-0.0006
-0.00075
-0.0009
-0.00105
-0.0012
-0.00135
-0.0015
-0.00165
-0.0018
-0.00195
-0.0021
-0.00225
-0.0024
-0.00255
-0.0027
-0.00285
-0.003
-0.00315
-0.0033
-0.00345
-0.0036
-0.00375
-0.0039
-0.00405
-0.0042
-0.00435
-0.0045
-0.00465
-0.0048
-0.00495
-0.0051
-0.00525
-0.0054
-0.00555
-0.0057
-0.00585
-0.006
-0.00615
-0.0063
-0.00645
-0.0066
-0.00675
-0.0069
-0.00705
-0.0072
-0.00735
-0.0075
-0.007325
-0.00715
-0.006975
-0.0068
-0.006625
-0.00645
-0.006275
-0.0061
-0.005925
-0.00575
-0.005575
-0.0054
-0.005225
-0.00505
-0.004875
-0.0047
-0.004525
-0.00435
-0.004175
-0.004
-0.003825
-0.00365
-0.003475
-0.0033
-0.003125
-0.00295
-0.002775
-0.0026
-0.002425
-0.00225
-0.002075
-0.0019
-0.001725
-0.00155
-0.001375
-0.0012
-0.001025
-0.00085
-0.000675
-0.0005
-0.000325
-0.00015
2.5E-05
0.0002
0.000375
0.00055
0.000725
0.0009
0.001075
0.00125
0.001425
0.0016
0.001775
0.00195
0.002125
0.0023
0.002475
0.00265
0.002825
0.003
0.003175
0.00335
0.003525
0.0037
0.003875
0.00405
0.004225
0.0044
0.004575
0.00475
0.004925
0.0051
0.005275
0.00545
0.005625
0.0058
0.005975
0.00615
0.006325
0.0065
0.006675
0.00685
0.007025
0.0072
0.007375
0.00755
0.007725
0.0079
0.008075
0.00825
0.008425
0.0086
0.008775
0.00895
0.009125
0.0093
0.009475
0.00965
0.009825
0.01
0.0098
0.0096
0.0094
0.0092
0.009
0.0088
0.0086
0.0084
0.0082
0.008
0.0078
0.0076
0.0074
0.0072
0.007
0.0068
0.0066
0.0064
0.0062
0.006
0.0058
0.0056
0.0054
0.0052
0.005
0.0048
0.0046
0.0044
0.0042
0.004
0.0038
0.0036
0.0034
0.0032
0.003
0.0028
0.0026
0.0024
0.0022
0.002
0.0018
0.0016
0.0014
0.0012
0.001
0.0008
0.0006
0.0004
0.0002
-1.73472E-18
-0.0002
-0.0004
-0.0006
-0.0008
-0.001
-0.0012
-0.0014
-0.0016
-0.0018
-0.002
-0.0022
-0.0024
-0.0026
-0.0028
-0.003
-0.0032
-0.0034
-0.0036
-0.0038
-0.004
-0.0042
-0.0044
-0.0046
-0.0048
-0.005
-0.0052
-0.0054
-0.0056
-0.0058
-0.006
-0.0062
-0.0064
-0.0066
-0.0068
-0.007
-0.0072
-0.0074
-0.0076
-0.0078
-0.008
-0.0082
-0.0084
-0.0086
-0.0088
-0.009
-0.0092
-0.0094
-0.0096
-0.0098
-0.01
-0.0098
-0.0096
-0.0094
-0.0092
-0.009
-0.0088
-0.0086
-0.0084
-0.0082
-0.008
-0.0078
-0.0076
-0.0074
-0.0072
-0.007
-0.0068
-0.0066
-0.0064
-0.0062
-0.006
-0.0058
-0.0056
-0.0054
-0.0052
-0.005
-0.0048
-0.0046
-0.0044
-0.0042
-0.004
-0.0038
-0.0036
-0.0034
-0.0032
-0.003
-0.0028
-0.0026
-0.0024
-0.0022
-0.002
-0.0018
-0.0016
-0.0014
-0.0012
-0.001
-0.0008
-0.0006
-0.0004
-0.0002
-1.73472E-18
0.0002
0.0004
0.0006
0.0008
0.001
0.0012
0.0014
0.0016
0.0018
0.002
0.0022
0.0024
0.0026
0.0028
0.003
0.0032
0.0034
0.0036
0.0038
0.004
0.0042
0.0044
0.0046
0.0048
0.005
0.0052
0.0054
0.0056
0.0058
0.006
0.0062
0.0064
0.0066
0.0068
0.007
0.0072
0.0074
0.0076
0.0078
0.008
0.0082
0.0084
0.0086
0.0088
0.009
0.0092
0.0094
0.0096
0.0098
0.01
0.0098
0.0096
0.0094
0.0092
0.009
0.0088
0.0086
0.0084
0.0082
0.008
0.0078
0.0076
0.0074
0.0072
0.007
0.0068
0.0066
0.0064
0.0062
0.006
0.0058
0.0056
0.0054
0.0052
0.005
0.0048
0.0046
0.0044
0.0042
0.004
0.0038
0.0036
0.0034
0.0032
0.003
0.0028
0.0026
0.0024
0.0022
0.002
0.0018
0.0016
0.0014
0.0012
0.001
0.0008
0.0006
0.0004
0.0002
-1.73472E-18
-0.0002
-0.0004
-0.0006
-0.0008
-0.001
-0.0012
-0.0014
-0.0016
-0.0018
-0.002
-0.0022
-0.0024
-0.0026
-0.0028
-0.003
-0.0032
-0.0034
-0.0036
-0.0038
-0.004
-0.0042
-0.0044
-0.0046
-0.0048
-0.005
-0.0052
-0.0054
-0.0056
-0.0058
-0.006
-0.0062
-0.0064
-0.0066
-0.0068
-0.007
-0.0072
-0.0074
-0.0076
-0.0078
-0.008
-0.0082
-0.0084
-0.0086
-0.0088
-0.009
-0.0092
-0.0094
-0.0096
-0.0098
-0.01
-0.0098
-0.0096
-0.0094
-0.0092
-0.009
-0.0088
-0.0086
-0.0084
-0.0082
-0.008
-0.0078
-0.0076
-0.0074
-0.0072
-0.007
-0.0068
-0.0066
-0.0064
-0.0062
-0.006
-0.0058
-0.0056
-0.0054
-0.0052
-0.005
-0.0048
-0.0046
-0.0044
-0.0042
-0.004
-0.0038
-0.0036
-0.0034
-0.0032
-0.003
-0.0028
-0.0026
-0.0024
-0.0022
-0.002
-0.0018
-0.0016
-0.0014
-0.0012
-0.001
-0.0008
-0.0006
-0.0004
-0.0002
-1.73472E-18
0.0002
0.0004
0.0006
0.0008
0.001
0.0012
0.0014
0.0016
0.0018
0.002
0.0022
0.0024
0.0026
0.0028
0.003
0.0032
0.0034
0.0036
0.0038
0.004
0.0042
0.0044
0.0046
0.0048
0.005
0.0052
0.0054
0.0056
0.0058
0.006
0.0062
0.0064
0.0066
0.0068
0.007
0.0072
0.0074
0.0076
0.0078
0.008
0.0082
0.0084
0.0086
0.0088
0.009
0.0092
0.0094
0.0096
0.0098
0.01
0.0098
0.0096
0.0094
0.0092
0.009
0.0088
0.0086
0.0084
0.0082
0.008
0.0078
0.0076
0.0074
0.0072
0.007
0.0068
0.0066
0.0064
0.0062
0.006
0.0058
0.0056
0.0054
0.0052
0.005
0.0048
0.0046
0.0044
0.0042
0.004
0.0038
0.0036
0.0034
0.0032
0.003
0.0028
0.0026
0.0024
0.0022
0.002
0.0018
0.0016
0.0014
0.0012
0.001
0.0008
0.0006
0.0004
0.0002
-1.73472E-18
-0.0002
-0.0004
-0.0006
-0.0008
-0.001
-0.0012
-0.0014
-0.0016
-0.0018
-0.002
-0.0022
-0.0024
-0.0026
-0.0028
-0.003
-0.0032
-0.0034
-0.0036
-0.0038
-0.004
-0.0042
-0.0044
-0.0046
-0.0048
-0.005
-0.0052
-0.0054
-0.0056
-0.0058
-0.006
-0.0062
-0.0064
-0.0066
-0.0068
-0.007
-0.0072
-0.0074
-0.0076
-0.0078
-0.008
-0.0082
-0.0084
-0.0086
-0.0088
-0.009
-0.0092
-0.0094
-0.0096
-0.0098
-0.01
-0.0098
-0.0096
-0.0094
-0.0092
-0.009
-0.0088
-0.0086
-0.0084
-0.0082
-0.008
-0.0078
-0.0076
-0.0074
-0.0072
-0.007
-0.0068
-0.0066
-0.0064
-0.0062
-0.006
-0.0058
-0.0056
-0.0054
-0.0052
-0.005
-0.0048
-0.0046
-0.0044
-0.0042
-0.004
-0.0038
-0.0036
-0.0034
-0.0032
-0.003
-0.0028
-0.0026
-0.0024
-0.0022
-0.002
-0.0018
-0.0016
-0.0014
-0.0012
-0.001
-0.0008
-0.0006
-0.0004
-0.0002
-1.73472E-18
0.0002
0.0004
0.0006
0.0008
0.001
0.0012
0.0014
0.0016
0.0018
0.002
0.0022
0.0024
0.0026
0.0028
0.003
0.0032
0.0034
0.0036
0.0038
0.004
0.0042
0.0044
0.0046
0.0048
0.005
0.0052
0.0054
0.0056
0.0058
0.006
0.0062
0.0064
0.0066
0.0068
0.007
0.0072
0.0074
0.0076
0.0078
0.008
0.0082
0.0084
0.0086
0.0088
0.009
0.0092
0.0094
0.0096
0.0098
0.01
0.0098
0.0096
0.0094
0.0092
0.009
0.0088
0.0086
0.0084
0.0082
0.008
0.0078
0.0076
0.0074
0.0072
0.007
0.0068
0.0066
0.0064
0.0062
0.006
0.0058
0.0056
0.0054
0.0052
0.005
0.0048
0.0046
0.0044
0.0042
0.004
0.0038
0.0036
0.0034
0.0032
0.003
0.0028
0.0026
0.0024
0.0022
0.002
0.0018
0.0016
0.0014
0.0012
0.001
0.0008
0.0006
0.0004
0.0002
-1.73472E-18
-0.0002
-0.0004
-0.0006
-0.0008
-0.001
-0.0012
-0.0014
-0.0016
-0.0018
-0.002
-0.0022
-0.0024
-0.0026
-0.0028
-0.003
-0.0032
-0.0034
-0.0036
-0.0038
-0.004
-0.0042
-0.0044
-0.0046
-0.0048
-0.005
-0.0052
-0.0054
-0.0056
-0.0058
-0.006
-0.0062
-0.0064
-0.0066
-0.0068
-0.007
-0.0072
-0.0074
-0.0076
-0.0078
-0.008
-0.0082
-0.0084
-0.0086
-0.0088
-0.009
-0.0092
-0.0094
-0.0096
-0.0098
-0.01
-0.00975
-0.0095
-0.00925
-0.009
-0.00875
-0.0085
-0.00825
-0.008
-0.00775
-0.0075
-0.00725
-0.007
-0.00675
-0.0065
-0.00625
-0.006
-0.00575
-0.0055
-0.00525
-0.005
-0.00475
-0.0045
-0.00425
-0.004
-0.00375
-0.0035
-0.00325
-0.003
-0.00275
-0.0025
-0.00225
-0.002
-0.00175
-0.0015
-0.00125
-0.001
-0.00075
-0.0005
-0.00025
-1.73472E-18
0.00025
0.0005
0.00075
0.001
0.00125
0.0015
0.00175
0.002
0.00225
0.0025
0.00275
0.003
0.00325
0.0035
0.00375
0.004
0.00425
0.0045
0.00475
0.005
0.00525
0.0055
0.00575
0.006
0.00625
0.0065
0.00675
0.007
0.00725
0.0075
0.00775
0.008
0.00825
0.0085
0.00875
0.009
0.00925
0.0095
0.00975
0.01
0.01025
0.0105
0.01075
0.011
0.01125
0.0115
0.01175
0.012
0.01225
0.0125
0.01275
0.013
0.01325
0.0135
0.01375
0.014
0.01425
0.0145
0.01475
0.015
0.0147
0.0144
0.0141
0.0138
0.0135
0.0132
0.0129
0.0126
0.0123
0.012
0.0117
0.0114
0.0111
0.0108
0.0105
0.0102
0.0099
0.0096
0.0093
0.009
0.0087
0.0084
0.0081
0.0078
0.0075
0.0072
0.0069
0.0066
0.0063
0.006
0.0057
0.0054
0.0051
0.0048
0.0045
0.0042
0.0039
0.0036
0.0033
0.003
0.0027
0.0024
0.0021
0.0018
0.0015
0.0012
0.0009
0.0006
0.0003
0
-0.0003
-0.0006
-0.0009
-0.0012
-0.0015
-0.0018
-0.0021
-0.0024
-0.0027
-0.003
-0.0033
-0.0036
-0.0039
-0.0042
-0.0045
-0.0048
-0.0051
-0.0054
-0.0057
-0.006
-0.0063
-0.0066
-0.0069
-0.0072
-0.0075
-0.0078
-0.0081
-0.0084
-0.0087
-0.009
-0.0093
-0.0096
-0.0099
-0.0102
-0.0105
-0.0108
-0.0111
-0.0114
-0.0117
-0.012
-0.0123
-0.0126
-0.0129
-0.0132
-0.0135
-0.0138
-0.0141
-0.0144
-0.0147
-0.015
-0.0147
-0.0144
-0.0141
-0.0138
-0.0135
-0.0132
-0.0129
-0.0126
-0.0123
-0.012
-0.0117
-0.0114
-0.0111
-0.0108
-0.0105
-0.0102
-0.0099
-0.0096
-0.0093
-0.009
-0.0087
-0.0084
-0.0081
-0.0078
-0.0075
-0.0072
-0.0069
-0.0066
-0.0063
-0.006
-0.0057
-0.0054
-0.0051
-0.0048
-0.0045
-0.0042
-0.0039
-0.0036
-0.0033
-0.003
-0.0027
-0.0024
-0.0021
-0.0018
-0.0015
-0.0012
-0.0009
-0.0006
-0.0003
0
0.0003
0.0006
0.0009
0.0012
0.0015
0.0018
0.0021
0.0024
0.0027
0.003
0.0033
0.0036
0.0039
0.0042
0.0045
0.0048
0.0051
0.0054
0.0057
0.006
0.0063
0.0066
0.0069
0.0072
0.0075
0.0078
0.0081
0.0084
0.0087
0.009
0.0093
0.0096
0.0099
0.0102
0.0105
0.0108
0.0111
0.0114
0.0117
0.012
0.0123
0.0126
0.0129
0.0132
0.0135
0.0138
0.0141
0.0144
0.0147
0.015
0.0147
0.0144
0.0141
0.0138
0.0135
0.0132
0.0129
0.0126
0.0123
0.012
0.0117
0.0114
0.0111
0.0108
0.0105
0.0102
0.0099
0.0096
0.0093
0.009
0.0087
0.0084
0.0081
0.0078
0.0075
0.0072
0.0069
0.0066
0.0063
0.006
0.0057
0.0054
0.0051
0.0048
0.0045
0.0042
0.0039
0.0036
0.0033
0.003
0.0027
0.0024
0.0021
0.0018
0.0015
0.0012
0.0009
0.0006
0.0003
0
-0.0003
-0.0006
-0.0009
-0.0012
-0.0015
-0.0018
-0.0021
-0.0024
-0.0027
-0.003
-0.0033
-0.0036
-0.0039
-0.0042
-0.0045
-0.0048
-0.0051
-0.0054
-0.0057
-0.006
-0.0063
-0.0066
-0.0069
-0.0072
-0.0075
-0.0078
-0.0081
-0.0084
-0.0087
-0.009
-0.0093
-0.0096
-0.0099
-0.0102
-0.0105
-0.0108
-0.0111
-0.0114
-0.0117
-0.012
-0.0123
-0.0126
-0.0129
-0.0132
-0.0135
-0.0138
-0.0141
-0.0144
-0.0147
-0.015
-0.01465
-0.0143
-0.01395
-0.0136
-0.01325
-0.0129
-0.01255
-0.0122
-0.01185
-0.0115
-0.01115
-0.0108
-0.01045
-0.0101
-0.00975
-0.0094
-0.00905
-0.0087
-0.00835
-0.008
-0.00765
-0.0073
-0.00695
-0.0066
-0.00625
-0.0059
-0.00555
-0.0052
-0.00485
-0.0045
-0.00415
-0.0038
-0.00345
-0.0031
-0.00275
-0.0024
-0.00205
-0.0017
-0.00135
-0.001
-0.00065
-0.0003
5E-05
0.0004
0.00075
0.0011
0.00145
0.0018
0.00215
0.0025
0.00285
0.0032
0.00355
0.0039
0.00425
0.0046
0.00495
0.0053
0.00565
0.006
0.00635
0.0067
0.00705
0.0074
0.00775
0.0081
0.00845
0.0088
0.00915
0.0095
0.00985
0.0102
0.01055
0.0109
0.01125
0.0116
0.01195
0.0123
0.01265
0.013
0.01335
0.0137
0.01405
0.0144
0.01475
0.0151
0.01545
0.0158
0.01615
0.0165
0.01685
0.0172
0.01755
0.0179
0.01825
0.0186
0.01895
0.0193
0.01965
0.02
0.0196
0.0192
0.0188
0.0184
0.018
0.0176
0.0172
0.0168
0.0164
0.016
0.0156
0.0152
0.0148
0.0144
0.014
0.0136
0.0132
0.0128
0.0124
0.012
0.0116
0.0112
0.0108
0.0104
0.01
0.0096
0.0092
0.0088
0.0084
0.008
0.0076
0.0072
0.0068
0.0064
0.006
0.0056
0.0052
0.0048
0.0044
0.004
0.0036
0.0032
0.0028
0.0024
0.002
0.0016
0.0012
0.0008
0.0004
-3.46945E-18
-0.0004
-0.0008
-0.0012
-0.0016
-0.002
-0.0024
-0.0028
-0.0032
-0.0036
-0.004
-0.0044
-0.0048
-0.0052
-0.0056
-0.006
-0.0064
-0.0068
-0.0072
-0.0076
-0.008
-0.0084
-0.0088
-0.0092
-0.0096
-0.01
-0.0104
-0.0108
-0.0112
-0.0116
-0.012
-0.0124
-0.0128
-0.0132
-0.0136
-0.014
-0.0144
-0.0148
-0.0152
-0.0156
-0.016
-0.0164
-0.0168
-0.0172
-0.0176
-0.018
-0.0184
-0.0188
-0.0192
-0.0196
-0.02
-0.0196
-0.0192
-0.0188
-0.0184
-0.018
-0.0176
-0.0172
-0.0168
-0.0164
-0.016
-0.0156
-0.0152
-0.0148
-0.0144
-0.014
-0.0136
-0.0132
-0.0128
-0.0124
-0.012
-0.0116
-0.0112
-0.0108
-0.0104
-0.01
-0.0096
-0.0092
-0.0088
-0.0084
-0.008
-0.0076
-0.0072
-0.0068
-0.0064
-0.006
-0.0056
-0.0052
-0.0048
-0.0044
-0.004
-0.0036
-0.0032
-0.0028
-0.0024
-0.002
-0.0016
-0.0012
-0.0008
-0.0004
-3.46945E-18
0.0004
0.0008
0.0012
0.0016
0.002
0.0024
0.0028
0.0032
0.0036
0.004
0.0044
0.0048
0.0052
0.0056
0.006
0.0064
0.0068
0.0072
0.0076
0.008
0.0084
0.0088
0.0092
0.0096
0.01
0.0104
0.0108
0.0112
0.0116
0.012
0.0124
0.0128
0.0132
0.0136
0.014
0.0144
0.0148
0.0152
0.0156
0.016
0.0164
0.0168
0.0172
0.0176
0.018
0.0184
0.0188
0.0192
0.0196
0.02
0.0196
0.0192
0.0188
0.0184
0.018
0.0176
0.0172
0.0168
0.0164
0.016
0.0156
0.0152
0.0148
0.0144
0.014
0.0136
0.0132
0.0128
0.0124
0.012
0.0116
0.0112
0.0108
0.0104
0.01
0.0096
0.0092
0.0088
0.0084
0.008
0.0076
0.0072
0.0068
0.0064
0.006
0.0056
0.0052
0.0048
0.0044
0.004
0.0036
0.0032
0.0028
0.0024
0.002
0.0016
0.0012
0.0008
0.0004
-3.46945E-18
-0.0004
-0.0008
-0.0012
-0.0016
-0.002
-0.0024
-0.0028
-0.0032
-0.0036
-0.004
-0.0044
-0.0048
-0.0052
-0.0056
-0.006
-0.0064
-0.0068
-0.0072
-0.0076
-0.008
-0.0084
-0.0088
-0.0092
-0.0096
-0.01
-0.0104
-0.0108
-0.0112
-0.0116
-0.012
-0.0124
-0.0128
-0.0132
-0.0136
-0.014
-0.0144
-0.0148
-0.0152
-0.0156
-0.016
-0.0164
-0.0168
-0.0172
-0.0176
-0.018
-0.0184
-0.0188
-0.0192
-0.0196
-0.02
-0.0195
-0.019
-0.0185
-0.018
-0.0175
-0.017
-0.0165
-0.016
-0.0155
-0.015
-0.0145
-0.014
-0.0135
-0.013
-0.0125
-0.012
-0.0115
-0.011
-0.0105
-0.01
-0.0095
-0.009
-0.0085
-0.008
-0.0075
-0.007
-0.0065
-0.006
-0.0055
-0.005
-0.0045
-0.004
-0.0035
-0.003
-0.0025
-0.002
-0.0015
-0.001
-0.0005
-3.46945E-18
0.0005
0.001
0.0015
0.002
0.0025
0.003
0.0035
0.004
0.0045
0.005
0.0055
0.006
0.0065
0.007
0.0075
0.008
0.0085
0.009
0.0095
0.01
0.0105
0.011
0.0115
0.012
0.0125
0.013
0.0135
0.014
0.0145
0.015
0.0155
0.016
0.0165
0.017
0.0175
0.018
0.0185
0.019
0.0195
0.02
0.0205
0.021
0.0215
0.022
0.0225
0.023
0.0235
0.024
0.0245
0.025
0.0255
0.026
0.0265
0.027
0.0275
0.028
0.0285
0.029
0.0295
0.03
0.0294
0.0288
0.0282
0.0276
0.027
0.0264
0.0258
0.0252
0.0246
0.024
0.0234
0.0228
0.0222
0.0216
0.021
0.0204
0.0198
0.0192
0.0186
0.018
0.0174
0.0168
0.0162
0.0156
0.015
0.0144
0.0138
0.0132
0.0126
0.012
0.0114
0.0108
0.0102
0.0096
0.009
0.0084
0.0078
0.0072
0.0066
0.006
0.0054
0.0048
0.0042
0.0036
0.003
0.0024
0.0018
0.0012
0.0006
0
-0.0006
-0.0012
-0.0018
-0.0024
-0.003
-0.0036
-0.0042
-0.0048
-0.0054
-0.006
-0.0066
-0.0072
-0.0078
-0.0084
-0.009
-0.0096
-0.0102
-0.0108
-0.0114
-0.012
-0.0126
-0.0132
-0.0138
-0.0144
-0.015
-0.0156
-0.0162
-0.0168
-0.0174
-0.018
-0.0186
-0.0192
-0.0198
-0.0204
-0.021
-0.0216
-0.0222
-0.0228
-0.0234
-0.024
-0.0246
-0.0252
-0.0258
-0.0264
-0.027
-0.0276
-0.0282
-0.0288
-0.0294
-0.03
-0.0293
-0.0286
-0.0279
-0.0272
-0.0265
-0.0258
-0.0251
-0.0244
-0.0237
-0.023
-0.0223
-0.0216
-0.0209
-0.0202
-0.0195
-0.0188
-0.0181
-0.0174
-0.0167
-0.016
-0.0153
-0.0146
-0.0139
-0.0132
-0.0125
-0.0118
-0.0111
-0.0104
-0.0097
-0.009
-0.0083
-0.0076
-0.0069
-0.0062
-0.0055
-0.0048
-0.0041
-0.0034
-0.0027
-0.002
-0.0013
-0.0006
1E-04
0.0008
0.0015
0.0022
0.0029
0.0036
0.0043
0.005
0.0057
0.0064
0.0071
0.0078
0.0085
0.0092
0.0099
0.0106
0.0113
0.012
0.0127
0.0134
0.0141
0.0148
0.0155
0.0162
0.0169
0.0176
0.0183
0.019
0.0197
0.0204
0.0211
0.0218
0.0225
0.0232
0.0239
0.0246
0.0253
0.026
0.0267
0.0274
0.0281
0.0288
0.0295
0.0302
0.0309
0.0316
0.0323
0.033
0.0337
0.0344
0.0351
0.0358
0.0365
0.0372
0.0379
0.0386
0.0393
0.04
0.0392
0.0384
0.0376
0.0368
0.036
0.0352
0.0344
0.0336
0.0328
0.032
0.0312
0.0304
0.0296
0.0288
0.028
0.0272
0.0264
0.0256
0.0248
0.024
0.0232
0.0224
0.0216
0.0208
0.02
0.0192
0.0184
0.0176
0.0168
0.016
0.0152
0.0144
0.0136
0.0128
0.012
0.0112
0.0104
0.0096
0.0088
0.008
0.0072
0.0064
0.0056
0.0048
0.004
0.0032
0.0024
0.0016
0.0008
-6.93889E-18
-0.0008
-0.0016
-0.0024
-0.0032
-0.004
-0.0048
-0.0056
-0.0064
-0.0072
-0.008
-0.0088
-0.0096
-0.0104
-0.0112
-0.012
-0.0128
-0.0136
-0.0144
-0.0152
-0.016
-0.0168
-0.0176
-0.0184
-0.0192
-0.02
-0.0208
-0.0216
-0.0224
-0.0232
-0.024
-0.0248
-0.0256
-0.0264
-0.0272
-0.028
-0.0288
-0.0296
-0.0304
-0.0312
-0.032
-0.0328
-0.0336
-0.0344
-0.0352
-0.036
-0.0368
-0.0376
-0.0384
-0.0392
-0.04
-0.0391
-0.0382
-0.0373
-0.0364
-0.0355
-0.0346
-0.0337
-0.0328
-0.0319
-0.031
-0.0301
-0.0292
-0.0283
-0.0274
-0.0265
-0.0256
-0.0247
-0.0238
-0.0229
-0.022
-0.0211
-0.0202
-0.0193
-0.0184
-0.0175
-0.0166
-0.0157
-0.0148
-0.0139
-0.013
-0.0121
-0.0112
-0.0103
-0.0094
-0.0085
-0.0076
-0.0067
-0.0058
-0.0049
-0.004
-0.0031
-0.0022
-0.0013
-0.0004
0.0005
0.0014
0.0023
0.0032
0.0041
0.005
0.0059
0.0068
0.0077
0.0086
0.0095
0.0104
0.0113
0.0122
0.0131
0.014
0.0149
0.0158
0.0167
0.0176
0.0185
0.0194
0.0203
0.0212
0.0221
0.023
0.0239
0.0248
0.0257
0.0266
0.0275
0.0284
0.0293
0.0302
0.0311
0.032
0.0329
0.0338
0.0347
0.0356
0.0365
0.0374
0.0383
0.0392
0.0401
0.041
0.0419
0.0428
0.0437
0.0446
0.0455
0.0464
0.0473
0.0482
0.0491
0.05
0.049
0.048
0.047
0.046
0.045
0.044
0.043
0.042
0.041
0.04
0.039
0.038
0.037
0.036
0.035
0.034
0.033
0.032
0.031
0.03
0.029
0.028
0.027
0.026
0.025
0.024
0.023
0.022
0.021
0.02
0.019
0.018
0.017
0.016
0.015
0.014
0.013
0.012
0.011
0.01
0.009
0.008
0.007
0.006
0.005
0.004
0.003
0.002
0.001
0
-0.001
-0.002
-0.003
-0.004
-0.005
-0.006
-0.007
-0.008
-0.009
-0.01
-0.011
-0.012
-0.013
-0.014
-0.015
-0.016
-0.017
-0.018
-0.019
-0.02
-0.021
-0.022
-0.023
-0.024
-0.025
-0.026
-0.027
-0.028
-0.029
-0.03
-0.031
-0.032
-0.033
-0.034
-0.035
-0.036
-0.037
-0.038
-0.039
-0.04
-0.041
-0.042
-0.043
-0.044
-0.045
-0.046
-0.047
-0.048
-0.049
-0.05
-0.0489
-0.0478
-0.0467
-0.0456
-0.0445
-0.0434
-0.0423
-0.0412
-0.0401
-0.039
-0.0379
-0.0368
-0.0357
-0.0346
-0.0335
-0.0324
-0.0313
-0.0302
-0.0291
-0.028
-0.0269
-0.0258
-0.0247
-0.0236
-0.0225
-0.0214
-0.0203
-0.0192
-0.0181
-0.017
-0.0159
-0.0148
-0.0137
-0.0126
-0.0115
-0.0104
-0.0093
-0.0082
-0.0071
-0.006
-0.0049
-0.0038
-0.0027
-0.0016
-0.0005
0.0006
0.0017
0.0028
0.0039
0.005
0.0061
0.0072
0.0083
0.0094
0.0105
0.0116
0.0127
0.0138
0.0149
0.016
0.0171
0.0182
0.0193
0.0204
0.0215
0.0226
0.0237
0.0248
0.0259
0.027
0.0281
0.0292
0.0303
0.0314
0.0325
0.0336
0.0347
0.0358
0.0369
0.038
0.0391
0.0402
0.0413
0.0424
0.0435
0.0446
0.0457
0.0468
0.0479
0.049
0.0501
0.0512
0.0523
0.0534
0.0545
0.0556
0.0567
0.0578
0.0589
0.06
0.0588
0.0576
0.0564
0.0552
0.054
0.0528
0.0516
0.0504
0.0492
0.048
0.0468
0.0456
0.0444
0.0432
0.042
0.0408
0.0396
0.0384
0.0372
0.036
0.0348
0.0336
0.0324
0.0312
0.03
0.0288
0.0276
0.0264
0.0252
0.024
0.0228
0.0216
0.0204
0.0192
0.018
0.0168
0.0156
0.0144
0.0132
0.012
0.0108
0.0096
0.0084
0.0072
0.006
0.0048
0.0036
0.0024
0.0012
0
-0.0012
-0.0024
-0.0036
-0.0048
-0.006
-0.0072
-0.0084
-0.0096
-0.0108
-0.012
-0.0132
-0.0144
-0.0156
-0.0168
-0.018
-0.0192
-0.0204
-0.0216
-0.0228
-0.024
-0.0252
-0.0264
-0.0276
-0.0288
-0.03
-0.0312
-0.0324
-0.0336
-0.0348
-0.036
-0.0372
-0.0384
-0.0396
-0.0408
-0.042
-0.0432
-0.0444
-0.0456
-0.0468
-0.048
-0.0492
-0.0504
-0.0516
-0.0528
-0.054
-0.0552
-0.0564
-0.0576
-0.0588
-0.06
-0.0587
-0.0574
-0.0561
-0.0548
-0.0535
-0.0522
-0.0509
-0.0496
-0.0483
-0.047
-0.0457
-0.0444
-0.0431
-0.0418
-0.0405
-0.0392
-0.0379
-0.0366
-0.0353
-0.034
-0.0327
-0.0314
-0.0301
-0.0288
-0.0275
-0.0262
-0.0249
-0.0236
-0.0223
-0.021
-0.0197
-0.0184
-0.0171
-0.0158
-0.0145
-0.0132
-0.0119
-0.0106
-0.0093
-0.008
-0.0067
-0.0054
-0.0041
-0.0028
-0.0015
-0.0002
0.0011
0.0024
0.0037
0.005
0.0063
0.0076
0.0089
0.0102
0.0115
0.0128
0.0141
0.0154
0.0167
0.018
0.0193
0.0206
0.0219
0.0232
0.0245
0.0258
0.0271
0.0284
0.0297
0.031
0.0323
0.0336
0.0349
0.0362
0.0375
0.0388
0.0401
0.0414
0.0427
0.044
0.0453
0.0466
0.0479
0.0492
0.0505
0.0518
0.0531
0.0544
0.0557
0.057
0.0583
0.0596
0.0609
0.0622
0.0635
0.0648
0.0661
0.0674
0.0687
0.07
0.0686
0.0672
0.0658
0.0644
0.063
0.0616
0.0602
0.0588
0.0574
0.056
0.0546
0.0532
0.0518
0.0504
0.049
0.0476
0.0462
0.0448
0.0434
0.042
0.0406
0.0392
0.0378
0.0364
0.035
0.0336
0.0322
0.0308
0.0294
0.028
0.0266
0.0252
0.0238
0.0224
0.021
0.0196
0.0182
0.0168
0.0154
0.014
0.0126
0.0112
0.0098
0.0084
0.007
0.0056
0.0042
0.0028
0.0014
1.38778E-17
-0.0014
-0.0028
-0.0042
-0.0056
-0.007
-0.0084
-0.0098
-0.0112
-0.0126
-0.014
-0.0154
-0.0168
-0.0182
-0.0196
-0.021
-0.0224
-0.0238
-0.0252
-0.0266
-0.028
-0.0294
-0.0308
-0.0322
-0.0336
-0.035
-0.0364
-0.0378
-0.0392
-0.0406
-0.042
-0.0434
-0.0448
-0.0462
-0.0476
-0.049
-0.0504
-0.0518
-0.0532
-0.0546
-0.056
-0.0574
-0.0588
-0.0602
-0.0616
-0.063
-0.0644
-0.0658
-0.0672
-0.0686
-0.07
-0.0685
-0.067
-0.0655
-0.064
-0.0625
-0.061
-0.0595
-0.058
-0.0565
-0.055
-0.0535
-0.052
-0.0505
-0.049
-0.0475
-0.046
-0.0445
-0.043
-0.0415
-0.04
-0.0385
-0.037
-0.0355
-0.034
-0.0325
-0.031
-0.0295
-0.028
-0.0265
-0.025
-0.0235
-0.022
-0.0205
-0.019
-0.0175
-0.016
-0.0145
-0.013
-0.0115
-0.01
-0.0085
-0.007
-0.0055
-0.004
-0.0025
-0.001
0.0005
0.002
0.0035
0.005
0.0065
0.008
0.0095
0.011
0.0125
0.014
0.0155
0.017
0.0185
0.02
0.0215
0.023
0.0245
0.026
0.0275
0.029
0.0305
0.032
0.0335
0.035
0.0365
0.038
0.0395
0.041
0.0425
0.044
0.0455
0.047
0.0485
0.05
0.0515
0.053
0.0545
0.056
0.0575
0.059
0.0605
0.062
0.0635
0.065
0.0665
0.068
0.0695
0.071
0.0725
0.074
0.0755
0.077
0.0785
0.08
0.0784
0.0768
0.0752
0.0736
0.072
0.0704
0.0688
0.0672
0.0656
0.064
0.0624
0.0608
0.0592
0.0576
0.056
0.0544
0.0528
0.0512
0.0496
0.048
0.0464
0.0448
0.0432
0.0416
0.04
0.0384
0.0368
0.0352
0.0336
0.032
0.0304
0.0288
0.0272
0.0256
0.024
0.0224
0.0208
0.0192
0.0176
0.016
0.0144
0.0128
0.0112
0.0096
0.008
0.0064
0.0048
0.0032
0.0016
0
-0.0016
-0.0032
-0.0048
-0.0064
-0.008
-0.0096
-0.0112
-0.0128
-0.0144
-0.016
-0.0176
-0.0192
-0.0208
-0.0224
-0.024
-0.0256
-0.0272
-0.0288
-0.0304
-0.032
-0.0336
-0.0352
-0.0368
-0.0384
-0.04
-0.0416
-0.0432
-0.0448
-0.0464
-0.048
-0.0496
-0.0512
-0.0528
-0.0544
-0.056
-0.0576
-0.0592
-0.0608
-0.0624
-0.064
-0.0656
-0.0672
-0.0688
-0.0704
-0.072
-0.0736
-0.0752
-0.0768
-0.0784
-0.08
-0.0783
-0.0766
-0.0749
-0.0732
-0.0715
-0.0698
-0.0681
-0.0664
-0.0647
-0.063
-0.0613
-0.0596
-0.0579
-0.0562
-0.0545
-0.0528
-0.0511
-0.0494
-0.0477
-0.046
-0.0443
-0.0426
-0.0409
-0.0392
-0.0375
-0.0358
-0.0341
-0.0324
-0.0307
-0.029
-0.0273
-0.0256
-0.0239
-0.0222
-0.0205
-0.0188
-0.0171
-0.0154
-0.0137
-0.012
-0.0103
-0.0086
-0.0069
-0.0052
-0.0035
-0.0018
-0.0001
0.0016
0.0033
0.005
0.0067
0.0084
0.0101
0.0118
0.0135
0.0152
0.0169
0.0186
0.0203
0.022
0.0237
0.0254
0.0271
0.0288
0.0305
0.0322
0.0339
0.0356
0.0373
0.039
0.0407
0.0424
0.0441
0.0458
0.0475
0.0492
0.0509
0.0526
0.0543
0.056
0.0577
0.0594
0.0611
0.0628
0.0645
0.0662
0.0679
0.0696
0.0713
0.073
0.0747
0.0764
0.0781
0.0798
0.0815
0.0832
0.0849
0.0866
0.0883
0.09
0.0882
0.0864
0.0846
0.0828
0.081
0.0792
0.0774
0.0756
0.0738
0.072
0.0702
0.0684
0.0666
0.0648
0.063
0.0612
0.0594
0.0576
0.0558
0.054
0.0522
0.0504
0.0486
0.0468
0.045
0.0432
0.0414
0.0396
0.0378
0.036
0.0342
0.0324
0.0306
0.0288
0.027
0.0252
0.0234
0.0216
0.0198
0.018
0.0162
0.0144
0.0126
0.0108
0.009
0.0072
0.0054
0.0036
0.0018
0
-0.0018
-0.0036
-0.0054
-0.0072
-0.009
-0.0108
-0.0126
-0.0144
-0.0162
-0.018
-0.0198
-0.0216
-0.0234
-0.0252
-0.027
-0.0288
-0.0306
-0.0324
-0.0342
-0.036
-0.0378
-0.0396
-0.0414
-0.0432
-0.045
-0.0468
-0.0486
-0.0504
-0.0522
-0.054
-0.0558
-0.0576
-0.0594
-0.0612
-0.063
-0.0648
-0.0666
-0.0684
-0.0702
-0.072
-0.0738
-0.0756
-0.0774
-0.0792
-0.081
-0.0828
-0.0846
-0.0864
-0.0882
-0.09
-0.0881
-0.0862
-0.0843
-0.0824
-0.0805
-0.0786
-0.0767
-0.0748
-0.0729
-0.071
-0.0691
-0.0672
-0.0653
-0.0634
-0.0615
-0.0596
-0.0577
-0.0558
-0.0539
-0.052
-0.0501
-0.0482
-0.0463
-0.0444
-0.0425
-0.0406
-0.0387
-0.0368
-0.0349
-0.033
-0.0311
-0.0292
-0.0273
-0.0254
-0.0235
-0.0216
-0.0197
-0.0178
-0.0159
-0.014
-0.0121
-0.0102
-0.0083
-0.0064
-0.0045
-0.0026
-0.0007
0.0012
0.0031
0.005
0.0069
0.0088
0.0107
0.0126
0.0145
0.0164
0.0183
0.0202
0.0221
0.024
0.0259
0.0278
0.0297
0.0316
0.0335
0.0354
0.0373
0.0392
0.0411
0.043
0.0449
0.0468
0.0487
0.0506
0.0525
0.0544
0.0563
0.0582
0.0601
0.062
0.0639
0.0658
0.0677
0.0696
0.0715
0.0734
0.0753
0.0772
0.0791
0.081
0.0829
0.0848
0.0867
0.0886
0.0905
0.0924
0.0943
0.0962
0.0981
0.1
0.098
0.096
0.094
0.092
0.09
0.088
0.086
0.084
0.082
0.08
0.078
0.076
0.074
0.072
0.07
0.068
0.066
0.064
0.062
0.06
0.058
0.056
0.054
0.052
0.05
0.048
0.046
0.044
0.042
0.04
0.038
0.036
0.034
0.032
0.03
0.028
0.026
0.024
0.022
0.02
0.018
0.016
0.014
0.012
0.01
0.008
0.006
0.004
0.002
0
-0.002
-0.004
-0.006
-0.008
-0.01
-0.012
-0.014
-0.016
-0.018
-0.02
-0.022
-0.024
-0.026
-0.028
-0.03
-0.032
-0.034
-0.036
-0.038
-0.04
-0.042
-0.044
-0.046
-0.048
-0.05
-0.052
-0.054
-0.056
-0.058
-0.06
-0.062
-0.064
-0.066
-0.068
-0.07
-0.072
-0.074
-0.076
-0.078
-0.08
-0.082
-0.084
-0.086
-0.088
-0.09
-0.092
-0.094
-0.096
-0.098
-0.1
-0.0979
-0.0958
-0.0937
-0.0916
-0.0895
-0.0874
-0.0853
-0.0832
-0.0811
-0.079
-0.0769
-0.0748
-0.0727
-0.0706
-0.0685
-0.0664
-0.0643
-0.0622
-0.0601
-0.058
-0.0559
-0.0538
-0.0517
-0.0496
-0.0475
-0.0454
-0.0433
-0.0412
-0.0391
-0.037
-0.0349
-0.0328
-0.0307
-0.0286
-0.0265
-0.0244
-0.0223
-0.0202
-0.0181
-0.016
-0.0139
-0.0118
-0.0097
-0.0076
-0.0055
-0.0034
-0.0013
0.0008
0.0029
0.005
0.0071
0.0092
0.0113
0.0134
0.0155
0.0176
0.0197
0.0218
0.0239
0.026
0.0281
0.0302
0.0323
0.0344
0.0365
0.0386
0.0407
0.0428
0.0449
0.047
0.0491
0.0512
0.0533
0.0554
0.0575
0.0596
0.0617
0.0638
0.0659
0.068
0.0701
0.0722
0.0743
0.0764
0.0785
0.0806
0.0827
0.0848
0.0869
0.089
0.0911
0.0932
0.0953
0.0974
0.0995
0.1016
0.1037
0.1058
0.1079
0.11
0.1078
0.1056
0.1034
0.1012
0.099
0.0968
0.0946
0.0924
0.0902
0.088
0.0858
0.0836
0.0814
0.0792
0.077
0.0748
0.0726
0.0704
0.0682
0.066
0.0638
0.0616
0.0594
0.0572
0.055
0.0528
0.0506
0.0484
0.0462
0.044
0.0418
0.0396
0.0374
0.0352
0.033
0.0308
0.0286
0.0264
0.0242
0.022
0.0198
0.0176
0.0154
0.0132
0.011
0.0088
0.0066
0.0044
0.0022
0
-0.0022
-0.0044
-0.0066
-0.0088
-0.011
-0.0132
-0.0154
-0.0176
-0.0198
-0.022
-0.0242
-0.0264
-0.0286
-0.0308
-0.033
-0.0352
-0.0374
-0.0396
-0.0418
-0.044
-0.0462
-0.0484
-0.0506
-0.0528
-0.055
-0.0572
-0.0594
-0.0616
-0.0638
-0.066
-0.0682
-0.0704
-0.0726
-0.0748
-0.077
-0.0792
-0.0814
-0.0836
-0.0858
-0.088
-0.0902
-0.0924
-0.0946
-0.0968
-0.099
-0.1012
-0.1034
-0.1056
-0.1078
-0.11
