0.00168336300000000
0.00168009400000000
0.00167981000000000
0.00168213400000000
0.00169130200000000
0.00169285500000000
0.00165585400000000
0.00164848500000000
0.00164275500000000
0.00147483800000000
0.00130207500000000
0.00130798700000000
0.00133611900000000
0.00129144200000000
0.00120729700000000
0.00126223100000000
0.00149193400000000
0.00169355900000000
0.00183326600000000
0.00199715200000000
0.00220577200000000
0.00206364100000000
0.00199168100000000
0.00231880700000000
0.00224502000000000
0.00219510800000000
0.00261254600000000
0.00247692600000000
0.00119265800000000
0.000351121600000000
0.00112923400000000
0.00158780200000000
0.000490942600000000
-0.00115488700000000
-0.00218661800000000
-0.00181643700000000
-0.00114492800000000
-0.000847096600000000
-0.000703035300000000
-0.00103220500000000
-0.000708860900000000
0.000797890600000000
0.00308078900000000
0.00413813200000000
0.00256053300000000
0.00103070000000000
0.00163462900000000
0.00287181600000000
0.00364736100000000
0.00408975500000000
0.00325089600000000
0.00290658800000000
0.00428439700000000
0.00491558000000000
0.00351112600000000
0.00142332200000000
0.00148171200000000
0.00240021400000000
0.00138174700000000
0.000928404600000000
0.00192887400000000
0.00255100600000000
0.00302307300000000
0.00311827300000000
0.00253107400000000
0.00193670600000000
0.00264508700000000
0.00376052400000000
0.00251769200000000
-9.87443500000000e-06
-2.75561700000000e-05
-3.44335300000000e-05
-4.03585800000000e-05
-5.44237900000000e-05
-6.97299400000000e-05
-7.82322100000000e-05
-8.41820200000000e-05
-9.03516200000000e-05
-9.69913600000000e-05
-0.000105214800000000
-0.000111885400000000
-0.000116663900000000
-0.000123237700000000
-0.000129912100000000
-0.000131959600000000
-0.000129010200000000
-0.000129955700000000
-0.000141509100000000
-0.000156047000000000
-0.000165178400000000
-0.000168654900000000
-0.000169620700000000
-0.000170516300000000
-0.000172121300000000
-0.000176055500000000
-0.000183043700000000
-0.000191308700000000
-0.000199253200000000
-0.000206911500000000
-0.000214792500000000