5.12610500000000e-05
4.97365400000000e-05
4.79441100000000e-05
4.53379600000000e-05
4.29131000000000e-05
4.01533300000000e-05
3.73800300000000e-05
3.91192300000000e-05
4.14652000000000e-05
3.58132600000000e-05
3.01095900000000e-05
3.34346100000000e-05
3.23845000000000e-05
2.31174700000000e-05
1.89918200000000e-05
1.34890500000000e-05
5.25804700000000e-06
7.38252100000000e-06
8.84487000000000e-06
4.50539100000000e-06
1.30383800000000e-05
1.95209500000000e-05
7.87468200000000e-06
-1.50244100000000e-05
-2.65922400000000e-05
-3.29057000000000e-05
-3.31510000000000e-05
-3.32578200000000e-05
-3.67316900000000e-05
-6.66084800000000e-05
-9.03318200000000e-05
-4.69521900000000e-05
6.80594100000000e-05
0.000108166400000000
2.17602600000000e-05
-2.35041700000000e-05
4.24963600000000e-05
9.77091200000000e-05
3.57457900000000e-05
-5.01861100000000e-05
-6.63362600000000e-05
-8.64872500000000e-05
-0.000121607400000000
-0.000101119300000000
-7.26236000000000e-05
-0.000110666200000000
-0.000223308100000000
-0.000252934500000000
-7.86444400000000e-05
8.95824900000000e-05
1.63794300000000e-05
-6.97866000000000e-07
-5.33691700000000e-06
-0.000141128400000000
-0.000223577000000000
-0.000246244800000000
-0.000183544400000000
4.69997700000000e-06
-2.68045200000000e-05
-0.000203530300000000
-0.000148774500000000
2.36412200000000e-05
4.25420700000000e-05
-7.51481400000000e-05
-0.000120152200000000
-2.05522600000000e-05
3.66626400000000e-05
-0.000106274700000000
-0.000246931900000000
-0.000314080700000000
-0.000336835400000000
-0.000368340300000000
-8.05965600000000e-05
0.000390768400000000
0.000255764500000000
-0.000193658500000000
-0.000259442800000000
6.58216600000000e-07
7.34224500000000e-06
-5.95402000000000e-05
-0.000105602300000000
-0.000168540200000000
-0.000287209200000000
-0.000390938300000000
-0.000427677100000000
-0.000659863100000000
-0.000877838600000000
-0.000790174200000000
-0.000586327100000000
-0.000432194800000000
-0.000391940400000000
-0.000512049500000000
-0.000441588200000000
-0.000325894300000000
-0.000174706100000000
-0.000285829300000000
-0.000442796100000000
-0.000365247700000000
-0.000432729200000000
-0.000611893400000000
-0.000807508100000000
-0.000538393200000000
-2.36823900000000e-05
-0.000119050300000000
-0.000346538000000000
-6.85948400000000e-05
0.000310093900000000
0.000226181900000000
-0.000278354000000000
-0.000466149800000000
-0.000174472000000000
0.000277714600000000
0.000329459700000000
-0.000243075800000000
-0.000710015600000000
-0.000737640200000000
-0.000911881200000000
-0.00117501400000000
-0.00122524000000000
-0.000954159000000000
-0.000546639300000000
-0.000375700200000000
-9.37203700000000e-05
0.000385931500000000
0.000324484100000000
0.000267864600000000
0.000544179400000000
0.000346223900000000
-0.000117213200000000
-0.000350990200000000
-0.000570179300000000
-0.000852257400000000
-0.000915229000000000
-0.000804782900000000
-0.000397087300000000
-0.000349418400000000
-0.000707142600000000
-0.000486194100000000
-8.19421600000000e-05
-0.000117718200000000
-0.000255273900000000
-0.000344731700000000
-0.000668828200000000
-0.00106628100000000
-0.000875248600000000
-0.000491932400000000
-0.000336871300000000
-0.000264091500000000
-0.000942853300000000
-0.00164704500000000
-0.00172920700000000
-0.00116288800000000
-0.000306654700000000
0.000102240100000000
0.000157534800000000
-0.000215874100000000
-0.000682986200000000
-0.000751070100000000
-0.000984311000000000
-0.00103713300000000
-0.000977604600000000
-0.000825284300000000
-0.000166063200000000
0.000108810700000000
-0.000198533100000000
-0.000309171100000000
-0.000185236900000000
-0.000640931200000000
-0.00156337300000000
-0.00131880100000000
-0.000534728000000000
-0.000562204800000000
-0.000294362600000000
-3.81558300000000e-05
-0.000445509700000000
-0.000298833300000000
0.000350360300000000
6.66650700000000e-05
-0.00110520200000000
-0.00111085700000000
-0.000431007000000000
-0.00106238500000000
-0.00187301200000000
-0.00150517300000000
-0.000443703100000000
0.000132516600000000
0.000333772700000000
0.000205964600000000
2.94158300000000e-07
0.000286886300000000
-3.78127500000000e-05
-0.000777288900000000
-0.000936654100000000
-0.000942110000000000
-0.000699092800000000
-0.000850798000000000
-0.00126613700000000
-0.000859116900000000
6.20762300000000e-05
0.000427426300000000
-0.000448922000000000
-0.00125611000000000
-0.000893701100000000
-0.000508362300000000
-0.000874733000000000
-0.00157582900000000
-0.00177189600000000
-0.00110071800000000
-0.000222029300000000
0.000523422900000000
-0.000273004400000000
-0.00166780900000000
-0.00172134000000000
-0.000724364100000000
-0.000326605400000000
-0.000925981100000000
-0.00112677100000000
0.000235263400000000
0.00138241000000000
0.000754178300000000
-0.000486041500000000
-0.00160139100000000
-0.00188411400000000
-0.00146023200000000
-0.00103623700000000
-0.00121300600000000
-0.00197255000000000
-0.00150606500000000
-0.000358474500000000
0.000291827300000000
0.000604518200000000
0.000374911700000000
-0.000103897900000000
-8.54386000000000e-05
0.000664483200000000
0.000561315000000000
-0.00137275500000000
-0.00279324800000000
-0.00253700000000000
-0.00220646800000000
-0.00267372700000000
-0.00298430900000000
-0.00163532900000000
5.34517800000000e-05
0.000489450800000000
-7.75998600000000e-05
-0.000457301400000000
-3.75805800000000e-05
0.000381923300000000
0.000481690000000000
-0.000282307500000000
-0.00160096900000000
-0.00236901500000000
-0.00212294500000000
-0.00185049300000000
-0.00121181300000000
2.96420300000000e-06
0.000227412700000000
-0.000618634400000000
-0.000510528000000000
0.000269759000000000
-0.000157790700000000
-0.00106417700000000
-0.00149001200000000
-0.00105459300000000
-0.000774160800000000
-0.00114380800000000
-0.00111003100000000
-0.000982496700000000
-0.000707842400000000
-0.00117518000000000
-0.00251174500000000
-0.00375802500000000
-0.00475008900000000
-0.00375451000000000
-0.00110268400000000
0.00209887100000000
0.00481555900000000
0.00496231300000000
0.00242623200000000
-0.00100936200000000
-0.00184832200000000
3.10509500000000e-05
0.00141645000000000
0.000503442600000000
-0.00131553800000000
-0.00179527000000000
-0.000329435600000000
0.00121826400000000
0.000794120300000000
-0.00131088700000000
-0.00317978500000000
-0.00292880000000000
-0.00168622600000000
-0.00122681100000000
-0.000869116800000000
0.00186094200000000
0.00565089800000000
0.00536014500000000
-8.60978000000000e-05
-0.00647472600000000
-0.00821652900000000
-0.00352652400000000
0.00193039900000000
0.00253005200000000
-0.00148169100000000
-0.00492463100000000
-0.00477111700000000
-0.00280356900000000
-0.00215772500000000
-0.00551792700000000
-0.00840779400000000
-0.00394499600000000
0.00414280700000000
0.00688614900000000
0.00272716500000000
-0.00177653200000000
-0.000485010000000000
0.00406584800000000
0.00460161300000000
-0.00147853000000000
-0.00914253900000000
-0.0110263400000000
-0.00542960800000000
0.00237656500000000
0.00454973300000000
-0.000204229100000000
-0.00488938600000000
-0.00539895200000000
-0.00443477500000000
-0.00521285500000000
-0.00659894300000000
-0.00480868900000000
-0.000737184700000000
0.00217842400000000
0.00156808000000000
-0.00267366000000000
-0.00707687100000000
-0.00672305200000000
-0.000922470400000000
0.00269899800000000
-0.00105402600000000
-0.00677301600000000
-0.00861034100000000
-0.00488786300000000
0.00131135700000000
0.00399534800000000
0.000462566100000000
-0.00603004700000000
-0.00930115200000000
-0.00652535600000000
0.000119480100000000
0.00409039800000000
0.00220899700000000
-0.00192070600000000
-0.00434848600000000
-0.00426594600000000
-0.00375431200000000
-0.00375866800000000
-0.00466144600000000
-0.00447977600000000
-0.000968394300000000
0.00532812800000000
0.00880825500000000
0.00609095400000000
-0.000350203200000000
-0.00696656600000000
-0.0122912100000000
-0.0165983100000000
-0.0175113100000000
-0.0131588100000000
-0.00372025000000000
0.00531997000000000
0.00698299200000000
0.000865606500000000
-0.00645488900000000
-0.00688048700000000
0.00136420400000000
0.0103530000000000
0.0110938000000000
0.00357597600000000
-0.00581795700000000
-0.0106613500000000
-0.00954816600000000
-0.00567993600000000
-0.00323860800000000
-0.00285295800000000
-0.000942983100000000
0.00248980900000000
0.00359737400000000
0.000173571600000000
-0.00617694600000000
-0.0115404700000000
-0.0141508300000000
-0.0133790000000000
-0.0102890200000000
-0.00657943500000000
-0.00262520900000000
0.00335768600000000
0.0135472800000000
0.0242500700000000
0.0266065400000000
0.0174187700000000
0.00254424200000000
-0.00810939000000000
-0.00833980600000000
-0.00316020900000000
-0.00211199100000000
-0.00863763400000000
-0.0147015700000000
-0.0108846000000000
0.000298462700000000
0.00805605500000000
0.00492756100000000
-0.00410631700000000
-0.00443919800000000
0.00950373500000000
0.0268489100000000
0.0308778100000000
0.0157463300000000
-0.00671731300000000
-0.0184032200000000
-0.0123034900000000
0.000686841500000000
0.00541099900000000
-0.00500102400000000
-0.0221010200000000
-0.0276056100000000
-0.0141162400000000
0.00514762200000000
0.0134788400000000
0.00559904300000000
-0.00754063400000000
-0.0108239100000000
0.000328721200000000
0.0180369400000000
0.0299037100000000
0.0309987800000000
0.0258929000000000
0.0228466300000000
0.0258796700000000
0.0312778300000000
0.0324420800000000
0.0272900000000000
0.0206125500000000
0.0175625900000000
0.0173341100000000
0.0124616600000000
-0.00295057600000000
-0.0268014200000000
-0.0525197700000000
-0.0735649500000000
-0.0829547800000000
-0.0738294100000000
-0.0449777000000000
-0.00381159500000000
0.0385364700000000
0.0730041400000000
0.0962376100000000
0.109843600000000
0.113556900000000
0.103519600000000
0.0797267100000000
0.0524508000000000
0.0335148900000000
0.0216044000000000
0.00360698600000000
-0.0278774000000000
-0.0652490100000000
-0.0933890900000000
-0.104130200000000
-0.103955400000000
-0.106640900000000
-0.116591800000000
-0.121460300000000
-0.106419200000000
-0.0714033300000000
-0.0323049700000000
-0.00555199100000000
0.00137472300000000
-0.00699266600000000
-0.0160521700000000
-0.00720687600000000
0.0283326000000000
0.0782869400000000
0.116760300000000
0.127166400000000
0.113111100000000
0.0961218100000000
0.101346100000000
0.132436300000000
0.164629800000000
0.168400200000000
0.136175200000000
0.0919036000000000
0.0698374400000000
0.0798861300000000
0.0967589600000000
0.0866646600000000
0.0409746900000000
-0.0172859000000000
-0.0553366200000000
-0.0569088900000000
-0.0351241500000000
-0.0160272800000000
-0.0139498700000000
-0.0188272000000000
-0.00961153600000000
0.0193577700000000
0.0532379500000000
0.0730754600000000
0.0720041700000000
0.0607345300000000
0.0555654500000000
0.0624185100000000
0.0719939100000000
0.0675979700000000
0.0369668500000000
-0.0195953600000000
-0.0854840400000000
-0.134973500000000
-0.146965100000000
-0.121035700000000
-0.0827628500000000
-0.0625762800000000
-0.0695015100000000
-0.0884616700000000
-0.0991285100000000
-0.0977960200000000
-0.0962186000000000
-0.103830200000000
-0.110393400000000
-0.0922148700000000
-0.0395780200000000
0.0327163300000000
0.0986396100000000
0.138162700000000
0.148340300000000
0.141424700000000
0.130160200000000
0.121560300000000
0.116685800000000
0.110950000000000
0.100711300000000
0.0917529500000000
0.0949890400000000
0.108471000000000
0.115144500000000
0.0998223200000000
0.0609609800000000
0.0104357300000000
-0.0340559400000000
-0.0633416300000000
-0.0815008100000000
-0.0924308400000000
-0.0921070900000000
-0.0736475800000000
-0.0384908800000000
-0.00480138700000000
0.00220248600000000
-0.0271707100000000
-0.0782165800000000
-0.126963700000000
-0.158256800000000
-0.171246700000000
-0.172314700000000
-0.163900000000000
-0.142363800000000
-0.106583900000000
-0.0600214000000000
-0.0102202200000000
0.0315158300000000
0.0596844000000000
0.0793532600000000
0.0985976700000000
0.121135100000000
0.140311600000000
0.143402000000000
0.120993900000000
0.0698917400000000
-0.00420373800000000
-0.0778806300000000
-0.122825300000000
-0.131256300000000
-0.117397500000000
-0.100019500000000
-0.0907509800000000
-0.0908843200000000
-0.0947440400000000
-0.0992298600000000
-0.105830500000000
-0.113452400000000
-0.117083900000000
-0.113494900000000
-0.104343200000000
-0.0970162800000000
-0.101203000000000
-0.116987900000000
-0.134851400000000
-0.146127300000000
-0.151017400000000
-0.154857700000000
-0.158996300000000
-0.157107100000000
-0.138146700000000
-0.0963812600000000
-0.0372844300000000
0.0257472800000000
0.0785696900000000
0.113281000000000
0.131269500000000
0.135657800000000
0.125760600000000
0.100174100000000
0.0635822000000000
0.0291647900000000
0.0133738500000000
0.0250039800000000
0.0583916700000000
0.0956429400000000
0.121734800000000
0.135099800000000
0.144235000000000
0.155011900000000
0.166291600000000
0.174845600000000
0.178169200000000
0.173309900000000
0.158616500000000
0.135049300000000
0.103281600000000
0.0649071000000000
0.0265679200000000
-0.00498827400000000
-0.0269944800000000
-0.0395830600000000
-0.0430661900000000
-0.0367762500000000
-0.0220137900000000
-0.00281837100000000
0.0154384300000000
0.0267921700000000
0.0280034500000000
0.0211646000000000
0.0123506000000000
0.00608311100000000
0.00779521200000000
0.0225068500000000
0.0447757400000000
0.0584694200000000
0.0498016100000000
0.0171727900000000
-0.0290351200000000
-0.0726426100000000
-0.0986407700000000
-0.106848800000000
-0.112214000000000
-0.126646400000000
-0.144425200000000
-0.144477500000000
-0.111456900000000
-0.0503981700000000
0.0162977600000000
0.0664632100000000
0.0972027100000000
0.118877200000000
0.139014700000000
0.154201200000000
0.155497300000000
0.138611300000000
0.107419700000000
0.0720371100000000
0.0392259300000000
0.00587260400000000
-0.0348597500000000
-0.0860207600000000
-0.138274300000000
-0.174109600000000
-0.184141900000000
-0.175171600000000
-0.164394800000000
-0.166225900000000
-0.175164700000000
-0.166344100000000
-0.118786000000000
-0.0360777600000000
0.0568162400000000
0.132918000000000
0.178134300000000
0.193333300000000
0.188622200000000
0.177184100000000
0.167476300000000
0.155313800000000
0.129665500000000
0.0880138900000000
0.0412953300000000
0.00219520900000000
-0.0211733400000000
-0.0251499900000000
-0.0154668500000000
-0.00435735000000000
0.00432324200000000
0.0197041300000000
0.0542198500000000
0.106727800000000
0.164252400000000
0.216013800000000
0.256644500000000
0.284633100000000
0.298812700000000
0.297594700000000
0.282894600000000
0.259527100000000
0.231150200000000
0.190630500000000
0.125842100000000
0.0403970500000000
-0.0510520700000000
-0.146732500000000
-0.256260100000000
-0.365550200000000
-0.444051900000000
-0.479756300000000
-0.483225200000000
-0.470067800000000
-0.452424200000000
-0.437404900000000
-0.420744700000000
-0.383771900000000
-0.314366000000000
-0.225461000000000
-0.140061500000000
-0.0664338600000000
-0.000397512500000000
0.0605898700000000
0.118807200000000
0.173780300000000
0.218023600000000
0.240511100000000
0.238244300000000
0.224275600000000
0.212054900000000
0.204476800000000
0.203041600000000
0.204411700000000
0.198366300000000
0.178827900000000
0.149417100000000
0.118306100000000
0.0901942400000000
0.0700736500000000
0.0628639300000000
0.0693218900000000
0.0855167700000000
0.106818500000000
0.129795300000000
0.152793100000000
0.173344700000000
0.186110700000000
0.185655400000000
0.168039000000000
0.132331100000000
0.0806232100000000
0.0189486400000000
-0.0469806800000000
-0.113456400000000
-0.176177000000000
-0.229644700000000
-0.270361300000000
-0.298712600000000
-0.319930000000000
-0.339830200000000
-0.355191200000000
-0.359444100000000
-0.352446700000000
-0.341954600000000
-0.331857800000000
-0.312779500000000
-0.273465700000000
-0.216496500000000
-0.153517100000000
-0.0936058200000000
-0.0460768900000000
-0.0186620900000000
-0.00418228300000000
0.0124089800000000
0.0403306300000000
0.0788810000000000
0.123075100000000
0.164789900000000
0.200033700000000
0.230011600000000
0.255154000000000
0.272691500000000
0.279531500000000
0.276789500000000
0.271752500000000
0.273752700000000
0.285487900000000
0.297080100000000
0.288703600000000
0.245533700000000
0.174597900000000
0.0939590400000000
0.0119057200000000
-0.0718421200000000
-0.157393900000000
-0.239120500000000
-0.305047100000000
-0.346012600000000
-0.363064400000000
-0.365524600000000
-0.364419600000000
-0.365237800000000
-0.364835700000000
-0.350806800000000
-0.309799400000000
-0.243035000000000
-0.175961500000000
-0.135900400000000
-0.121302000000000
-0.115540500000000
-0.111970100000000
-0.104829000000000
-0.0870835700000000
-0.0601022400000000
-0.0280192000000000
0.00929971700000000
0.0525775400000000
0.0985948500000000
0.141569800000000
0.176334400000000
0.201895600000000
0.222496700000000
0.243279300000000
0.267676900000000
0.295486400000000
0.320906000000000
0.338919500000000
0.350097100000000
0.355861500000000
0.356913200000000
0.345019600000000
0.305773900000000
0.242529200000000
0.177401600000000
0.122638600000000
0.0736988800000000
0.0266421400000000
-0.0194562700000000
-0.0663204700000000
-0.106801400000000
-0.132985500000000
-0.150113400000000
-0.166438200000000
-0.187252900000000
-0.210336200000000
-0.233108700000000
-0.250843600000000
-0.256207300000000
-0.251061400000000
-0.239867600000000
-0.229045500000000
-0.222025000000000
-0.217121500000000
-0.212445500000000
-0.209537600000000
-0.206442400000000
-0.203335500000000
-0.207860900000000
-0.226834200000000
-0.257039600000000
-0.289427800000000
-0.318692000000000
-0.340636900000000
-0.343950600000000
-0.319421800000000
-0.271292100000000
-0.210307100000000
-0.142788200000000
-0.0702820900000000
0.00728204100000000
0.0892696800000000
0.170902500000000
0.244619300000000
0.306140400000000
0.355541800000000
0.395983800000000
0.430038500000000
0.457280500000000
0.474236500000000
0.478918000000000
0.472288300000000
0.455621300000000
0.433656500000000
0.413071000000000
0.389725900000000
0.348904700000000
0.280336200000000
0.190308200000000
0.0952615700000000
0.0129671800000000
-0.0467523100000000
-0.0879678300000000
-0.120727000000000
-0.157041600000000
-0.200504300000000
-0.239854300000000
-0.261807200000000
-0.262537000000000
-0.245292200000000
-0.213398800000000
-0.164100100000000
-0.0967383700000000
-0.0280962000000000
0.0134983000000000
0.0175616400000000
0.00237709300000000
-0.0100862300000000
-0.0160902100000000
-0.0209152300000000
-0.0278003300000000
-0.0402920400000000
-0.0633567500000000
-0.0962485100000000
-0.130547600000000
-0.154740300000000
-0.159894800000000
-0.142441200000000
-0.106004600000000
-0.0584054400000000
-0.00600869300000000
0.0474841500000000
0.0950084000000000
0.130002100000000
0.155861600000000
0.180180600000000
0.204486100000000
0.225242500000000
0.242325400000000
0.256841300000000
0.268178000000000
0.272032800000000
0.263369100000000
0.238616700000000
0.195497800000000
0.136212900000000
0.0710314400000000
0.0136648500000000
-0.0295488800000000
-0.0600750500000000
-0.0782567400000000
-0.0856181200000000
-0.0870342000000000
-0.0887749700000000
-0.0916681400000000
-0.0873864700000000
-0.0672461800000000
-0.0353154100000000
-0.00406713700000000
0.0174727300000000
0.0276950700000000
0.0320694200000000
0.0348278000000000
0.0291945300000000
0.00950320700000000
-0.0157623100000000
-0.0362933200000000
-0.0477643100000000
-0.0512094400000000
-0.0513883500000000
-0.0532465900000000
-0.0585429600000000
-0.0656268700000000
-0.0731000000000000
-0.0805221600000000
-0.0835855500000000
-0.0741786600000000
-0.0493119700000000
-0.0170335800000000
0.00999800000000000
0.0262048400000000
0.0358665700000000
0.0420902100000000
0.0466391300000000
0.0546308400000000
0.0681300300000000
0.0848878800000000
0.101950000000000
0.115421600000000
0.125748400000000
0.137975700000000
0.153882100000000
0.168945800000000
0.177257100000000
0.175880100000000
0.167881500000000
0.161842000000000
0.162570500000000
0.169248300000000
0.178010500000000
0.181644300000000
0.173445600000000
0.150459800000000
0.115058600000000
0.0721753300000000
0.0275838400000000
-0.0128772700000000
-0.0414088300000000
-0.0562649800000000
-0.0662967100000000
-0.0832650700000000
-0.110900500000000
-0.146860500000000
-0.186916900000000
-0.226464000000000
-0.259543600000000
-0.278230400000000
-0.277520700000000
-0.261206400000000
-0.237493900000000
-0.209246100000000
-0.176640400000000
-0.141932800000000
-0.108904200000000
-0.0831922100000000
-0.0677992100000000
-0.0673310000000000
-0.0820589800000000
-0.102458000000000
-0.116146300000000
-0.116981300000000
-0.108533300000000
-0.101597900000000
-0.106168700000000
-0.123528000000000
-0.145862500000000
-0.164021600000000
-0.173889900000000
-0.175788800000000
-0.171735100000000
-0.163732400000000
-0.154665800000000
-0.146057100000000
-0.136549700000000
-0.121781500000000
-0.100091200000000
-0.0720298200000000
-0.0420935900000000
-0.0164191900000000
0.00299554400000000
0.0178734400000000
0.0287360800000000
0.0345629600000000
0.0360459200000000
0.0349197000000000
0.0330258400000000
0.0294950600000000
0.0218919300000000
0.0110893400000000
-0.000415535400000000
-0.0124352300000000
-0.0212887500000000
-0.0184876400000000
-0.00206259300000000
0.0222979300000000
0.0477166700000000
0.0710693700000000
0.0940187500000000
0.119958500000000
0.148097300000000
0.171849100000000
0.184189000000000
0.185336300000000
0.178716500000000
0.167599000000000
0.156309000000000
0.145105900000000
0.131348300000000
0.115042200000000
0.100476900000000
0.0912857000000000
0.0875185800000000
0.0864681300000000
0.0862487300000000
0.0860838700000000
0.0830199800000000
0.0710629200000000
0.0476972000000000
0.0162833500000000
-0.0176915400000000
-0.0486829700000000
-0.0765481900000000
-0.106329000000000
-0.137088200000000
-0.162109200000000
-0.179545400000000
-0.192859200000000
-0.206497900000000
-0.222012300000000
-0.237037800000000
-0.247977400000000
-0.248540000000000
-0.229614300000000
-0.188679400000000
-0.137145200000000
-0.0900604300000000
-0.0547346000000000
-0.0305015300000000
-0.0152269200000000
-0.00594885500000000
0.00529786500000000
0.0263598000000000
0.0572857600000000
0.0937619300000000
0.129862400000000
0.159303100000000
0.180822200000000
0.194454700000000
0.195939800000000
0.179833100000000
0.146732900000000
0.105851900000000
0.0725705300000000
0.0542809600000000
0.0479028700000000
0.0496228500000000
0.0586476100000000
0.0730682100000000
0.0892959400000000
0.103001700000000
0.107051800000000
0.0969031700000000
0.0788476800000000
0.0622182400000000
0.0471285600000000
0.0294829200000000
0.00707753800000000
-0.0198349900000000
-0.0503431400000000
-0.0799104300000000
-0.101779900000000
-0.113427600000000
-0.118116300000000
-0.121284200000000
-0.127615700000000
-0.139900700000000
-0.155749200000000
-0.171321500000000
-0.182483400000000
-0.180693100000000
-0.158324100000000
-0.118601300000000
-0.0727980100000000
-0.0288472600000000
0.0101130900000000
0.0397458500000000
0.0573142600000000
0.0632453800000000
0.0578236800000000
0.0429334200000000
0.0245142400000000
0.0110033700000000
0.00709070700000000
0.0109025200000000
0.0182411100000000
0.0273568100000000
0.0389399000000000
0.0542782300000000
0.0722548700000000
0.0905091400000000
0.107242700000000
0.119658500000000
0.128432900000000
0.138872200000000
0.153479700000000
0.168279700000000
0.178663100000000
0.180180300000000
0.166364200000000
0.136375600000000
0.101636800000000
0.0749511400000000
0.0592183100000000
0.0503034700000000
0.0448300800000000
0.0437655800000000
0.0486440000000000
0.0604963600000000
0.0767101300000000
0.0915453600000000
0.101218000000000
0.104139900000000
0.0993709100000000
0.0863936000000000
0.0711502500000000
0.0619744900000000
0.0582123800000000
0.0535723000000000
0.0424698600000000
0.0217537700000000
-0.00639415200000000
-0.0350477100000000
-0.0587189900000000
-0.0777689300000000
-0.0923089000000000
-0.0986795100000000
-0.0926128900000000
-0.0756942000000000
-0.0573015300000000
-0.0452841200000000
-0.0390933200000000
-0.0358535300000000
-0.0335709100000000
-0.0302873500000000
-0.0257409400000000
-0.0214551600000000
-0.0165091700000000
-0.00727459700000000
0.00592677900000000
0.0193432800000000
0.0293465800000000
0.0355818200000000
0.0402244300000000
0.0442397700000000
0.0447988800000000
0.0393682200000000
0.0274792800000000
0.0122073600000000
-0.00157157300000000
-0.0111316900000000
-0.0163816000000000
-0.0184337800000000
-0.0188848300000000
-0.0197162100000000
-0.0239608900000000
-0.0332417600000000
-0.0465496600000000
-0.0609767900000000
-0.0726965300000000
-0.0789775500000000
-0.0778973400000000
-0.0726096000000000
-0.0675556900000000
-0.0650634700000000
-0.0662531700000000
-0.0705169900000000
-0.0741623700000000
-0.0716428700000000
-0.0625486700000000
-0.0513324200000000
-0.0419136000000000
-0.0395203400000000
-0.0468365900000000
-0.0579968800000000
-0.0661819300000000
-0.0690759600000000
-0.0670733500000000
-0.0599466300000000
-0.0481780300000000
-0.0328763400000000
-0.0151429800000000
0.00542305900000000
0.0295932100000000
0.0561200500000000
0.0827166200000000
0.108445800000000
0.131833300000000
0.152213000000000
0.165681600000000
0.166948600000000
0.155288800000000
0.132255200000000
0.100622600000000
0.0640031300000000
0.0274636500000000
-0.00495833600000000
-0.0298249100000000
-0.0438564600000000
-0.0474069200000000
-0.0464376900000000
-0.0460836900000000
-0.0430048900000000
-0.0324025100000000
-0.0190521100000000
-0.00963204500000000
-0.00384456600000000
-0.00196002800000000
-0.00714218400000000
-0.0195633400000000
-0.0353415200000000
-0.0499642400000000
-0.0637472300000000
-0.0783723100000000
-0.0881179400000000
-0.0851641300000000
-0.0707230500000000
-0.0545537200000000
-0.0483781300000000
-0.0563156700000000
-0.0704627800000000
-0.0817883300000000
-0.0871217100000000
-0.0875060300000000
-0.0856340700000000
-0.0819405800000000
-0.0766906900000000
-0.0722256200000000
-0.0700778300000000
-0.0687370100000000
-0.0652373600000000
-0.0561155600000000
-0.0410665700000000
-0.0245275100000000
-0.0103827200000000
0.00193679300000000
0.0151104600000000
0.0310735700000000
0.0481538500000000
0.0628253600000000
0.0727367000000000
0.0755291400000000
0.0700084500000000
0.0582428200000000
0.0432426700000000
0.0299515100000000
0.0226414300000000
0.0200012400000000
0.0183315800000000
0.0150811400000000
0.0101671100000000
0.00754713300000000
0.00969074300000000
0.0138700200000000
0.0181936900000000
0.0222693000000000
0.0248958600000000
0.0262871900000000
0.0281944200000000
0.0306605900000000
0.0362561100000000
0.0493109600000000
0.0678007500000000
0.0845630500000000
0.0956780100000000
0.102227700000000
0.107905300000000
0.116281000000000
0.126865600000000
0.135966800000000
0.140270500000000
0.138361300000000
0.127923600000000
0.109166100000000
0.0853157500000000
0.0604863400000000
0.0391738400000000
0.0238112100000000
0.0146473400000000
0.0112534300000000
0.0103251900000000
0.00612698500000000
-0.00294461100000000
-0.0142099000000000
-0.0265068700000000
-0.0404446600000000
-0.0567809700000000
-0.0761053600000000
-0.0962038300000000
-0.112812800000000
-0.124515900000000
-0.131846100000000
-0.135460400000000
-0.136388500000000
-0.135334900000000
-0.129347700000000
-0.115491500000000
-0.0945904000000000
-0.0712984300000000
-0.0518522000000000
-0.0385107200000000
-0.0294390800000000
-0.0242318400000000
-0.0225713800000000
-0.0212059000000000
-0.0189667000000000
-0.0202092700000000
-0.0279570300000000
-0.0403657000000000
-0.0534221100000000
-0.0624770800000000
-0.0654616600000000
-0.0631931200000000
-0.0573395600000000
-0.0497490600000000
-0.0411295800000000
-0.0296972800000000
-0.0162382600000000
-0.00274517100000000
0.0108268900000000
0.0242213300000000
0.0368705600000000
0.0499779300000000
0.0628626400000000
0.0724506800000000
0.0783396800000000
0.0808305800000000
0.0794072800000000
0.0734959200000000
0.0650258000000000
0.0571040200000000
0.0510192900000000
0.0435760700000000
0.0335597000000000
0.0262399100000000
0.0255915500000000
0.0309453000000000
0.0404702000000000
0.0522412300000000
0.0633665200000000
0.0739660600000000
0.0841206500000000
0.0913776800000000
0.0945809700000000
0.0924164300000000
0.0828854400000000
0.0683288000000000
0.0522759100000000
0.0381626600000000
0.0286563900000000
0.0242258400000000
0.0242548400000000
0.0289160700000000
0.0357134700000000
0.0396735100000000
0.0388882900000000
0.0343070700000000
0.0267222600000000
0.0165165900000000
0.00596606900000000
-0.00127601000000000
-0.00228350900000000
0.00225744400000000
0.0104773400000000
0.0192405100000000
0.0256148300000000
0.0292745200000000
0.0316983700000000
0.0335366400000000
0.0312646900000000
0.0233617600000000
0.0140337700000000
0.00679707100000000
0.00164379100000000
-0.00345030000000000
-0.0113262500000000
-0.0221312900000000
-0.0328288800000000
-0.0403499900000000
-0.0438246300000000
-0.0448547000000000
-0.0445139800000000
-0.0429531800000000
-0.0403489800000000
-0.0387897700000000
-0.0389131700000000
-0.0387287600000000
-0.0393217400000000
-0.0423374100000000
-0.0455810000000000
-0.0465661500000000
-0.0446872000000000
-0.0417747700000000
-0.0390512400000000
-0.0342348200000000
-0.0261665900000000
-0.0155952400000000
-0.00283140700000000
0.0127580600000000
0.0275902600000000
0.0373522800000000
0.0413812500000000
0.0399236000000000
0.0322202500000000
0.0199061900000000
0.00661840200000000
-0.00413199000000000
-0.0114327200000000
-0.0161346500000000
-0.0197025400000000
-0.0244099000000000
-0.0304703700000000
-0.0353650500000000
-0.0373959700000000
-0.0370366300000000
-0.0361355700000000
-0.0370125500000000
-0.0418319200000000
-0.0498208900000000
-0.0570109500000000
-0.0587448500000000
-0.0516291500000000
-0.0361893200000000
-0.0173335600000000
-0.000501126000000000
0.0137686200000000
0.0281352600000000
0.0427494500000000
0.0542823500000000
0.0582140900000000
0.0511847000000000
0.0346350000000000
0.0153426600000000
-0.000393759400000000
-0.0113678800000000
-0.0187018100000000
-0.0233466400000000
-0.0288505000000000
-0.0382549500000000
-0.0482720700000000
-0.0519335000000000
-0.0474108600000000
-0.0406786700000000
-0.0363203400000000
-0.0360904000000000
-0.0383127300000000
-0.0381164300000000
-0.0333997600000000
-0.0275046000000000
-0.0259864400000000
-0.0311195600000000
-0.0413296600000000
-0.0518280300000000
-0.0576874100000000
-0.0586908400000000
-0.0576218000000000
-0.0565928800000000
-0.0575279200000000
-0.0586539100000000
-0.0573623700000000
-0.0539688000000000
-0.0511695700000000
-0.0521219800000000
-0.0571354600000000
-0.0611980800000000
-0.0624643700000000
-0.0647846500000000
-0.0691962200000000
-0.0731431900000000
-0.0774292200000000
-0.0841713200000000
-0.0926553500000000
-0.101849500000000
-0.110942900000000
-0.115428400000000
-0.108986800000000
-0.0876107700000000
-0.0537099900000000
-0.0147272100000000
0.0222388000000000
0.0525376300000000
0.0747331100000000
0.0899728600000000
0.101033100000000
0.107295800000000
0.106709700000000
0.100099200000000
0.0898428600000000
0.0789465100000000
0.0688320100000000
0.0570418900000000
0.0413272700000000
0.0230030700000000
0.00478459000000000
-0.0126866500000000
-0.0301391000000000
-0.0435901900000000
-0.0481151300000000
-0.0427363600000000
-0.0308032200000000
-0.0174703200000000
-0.00499552300000000
0.00773890900000000
0.0195907500000000
0.0273170400000000
0.0289103500000000
0.0240082200000000
0.0160681200000000
0.00915817500000000
0.00401016300000000
0.000479080200000000
0.000334360200000000
0.00446303300000000
0.0117659500000000
0.0191940600000000
0.0241442800000000
0.0303127100000000
0.0435929700000000
0.0645878600000000
0.0889265300000000
0.111477000000000
0.127592000000000
0.133611200000000
0.126486600000000
0.109149600000000
0.0896074300000000
0.0734765500000000
0.0607577500000000
0.0499380200000000
0.0404867300000000
0.0323565000000000
0.0275005600000000
0.0281942400000000
0.0354133700000000
0.0470584700000000
0.0574969200000000
0.0615626500000000
0.0563795600000000
0.0427205900000000
0.0279849300000000
0.0199262400000000
0.0201254300000000
0.0263688500000000
0.0349375700000000
0.0410957800000000
0.0439404100000000
0.0472919700000000
0.0527826000000000
0.0607411500000000
0.0699768500000000
0.0769791200000000
0.0772930500000000
0.0668600600000000
0.0468305900000000
0.0230530700000000
7.94772200000000e-05
-0.0198086200000000
-0.0371467600000000
-0.0517913200000000
-0.0613537600000000
-0.0626361000000000
-0.0539123600000000
-0.0383194500000000
-0.0210792000000000
-0.00685716900000000
0.00106844400000000
0.00405711800000000
0.00517673800000000
0.00683631100000000
0.0104771600000000
0.0136773500000000
0.0128220800000000
0.00596559900000000
-0.00369831300000000
-0.0111517200000000
-0.0152961100000000
-0.0168600800000000
-0.0180716000000000
-0.0209495900000000
-0.0257946400000000
-0.0332307200000000
-0.0421387400000000
-0.0496272400000000
-0.0522086400000000
-0.0468568400000000
-0.0328418100000000
-0.0149353600000000
0.000474477600000000
0.0105139300000000
0.0152994400000000
0.0163640000000000
0.0152669700000000
0.0127612000000000
0.00736391400000000
-0.00191714800000000
-0.0152480100000000
-0.0320761700000000
-0.0500116800000000
-0.0657509600000000
-0.0758472700000000
-0.0766164900000000
-0.0683726300000000
-0.0561340600000000
-0.0456752500000000
-0.0406802300000000
-0.0400429000000000
-0.0416997900000000
-0.0472775200000000
-0.0586756400000000
-0.0728253000000000
-0.0842332500000000
-0.0895472400000000
-0.0891998500000000
-0.0842870200000000
-0.0751224100000000
-0.0622616700000000
-0.0459421600000000
-0.0275113000000000
-0.00996686000000000
0.00541410700000000
0.0177772000000000
0.0257501800000000
0.0283571400000000
0.0274668600000000
0.0267492100000000
0.0292455100000000
0.0345837300000000
0.0393168100000000
0.0406633200000000
0.0394885300000000
0.0384134600000000
0.0397490800000000
0.0431782900000000
0.0466483000000000
0.0470312000000000
0.0405220700000000
0.0268350000000000
0.00946076900000000
-0.00592424800000000
-0.0153713900000000
-0.0187617900000000
-0.0182051700000000
-0.0166246900000000
-0.0161688000000000
-0.0173103500000000
-0.0170016200000000
-0.0136947400000000
-0.00998093200000000
-0.00752256900000000
-0.00515349400000000
-0.00316371900000000
-0.00381144400000000
-0.00900996800000000
-0.0175964800000000
-0.0263847000000000
-0.0328790300000000
-0.0370679600000000
-0.0405467600000000
-0.0439085200000000
-0.0464193700000000
-0.0455354700000000
-0.0426349700000000
-0.0406988400000000
-0.0411059800000000
-0.0440917000000000
-0.0495894600000000
-0.0555763400000000
-0.0597411700000000
-0.0606600400000000
-0.0565345100000000
-0.0469506800000000
-0.0338552400000000
-0.0210246100000000
-0.0107283300000000
-0.00287615900000000
0.00345956100000000
0.00848236900000000
0.0126941300000000
0.0170741300000000
0.0213301700000000
0.0257837700000000
0.0323540200000000
0.0398291100000000
0.0468254500000000
0.0523705200000000
0.0559851500000000
0.0589870000000000
0.0617256000000000
0.0638955100000000
0.0672441800000000
0.0710675000000000
0.0732774600000000
0.0725977500000000
0.0692198800000000
0.0637249800000000
0.0566373400000000
0.0485025500000000
0.0401337800000000
0.0331715100000000
0.0287476000000000
0.0273362500000000
0.0302113400000000
0.0348229100000000
0.0356801900000000
0.0310844400000000
0.0231289700000000
0.0146225900000000
0.00547515600000000
-0.00419530200000000
-0.0112854300000000
-0.0137269600000000
-0.0114592600000000
-0.00639319100000000
0.000626729000000000
0.00891048200000000
0.0175738300000000
0.0269690700000000
0.0366420200000000
0.0445996000000000
0.0496655900000000
0.0525707300000000
0.0526711800000000
0.0480973800000000
0.0408531100000000
0.0347971000000000
0.0309817400000000
0.0279344800000000
0.0226970200000000
0.0136691700000000
0.00285895500000000
-0.00749043000000000
-0.0156506800000000
-0.0219792500000000
-0.0271460300000000
-0.0304529500000000
-0.0307471000000000
-0.0264562200000000
-0.0171547300000000
-0.00500339900000000
0.00807780500000000
0.0192480800000000
0.0250430200000000
0.0244963300000000
0.0170485000000000
0.00275607800000000
-0.0148164300000000
-0.0322612800000000
-0.0478031800000000
-0.0580170500000000
-0.0629742700000000
-0.0657407700000000
-0.0672194900000000
-0.0691336800000000
-0.0706413900000000
-0.0665327900000000
-0.0555425200000000
-0.0405686800000000
-0.0263195000000000
-0.0161356600000000
-0.00809935500000000
-0.000261980500000000
0.00710809900000000
0.0123880300000000
0.0155301100000000
0.0163471700000000
0.0144142900000000
0.0109392600000000
0.00826070500000000
0.00863059800000000
0.0104292400000000
0.0105974000000000
0.00914486700000000
0.00618004300000000
0.00209244000000000
-0.000579612300000000
0.000636447200000000
0.00566004100000000
0.0121118200000000
0.0196057000000000
0.0282899100000000
0.0371837100000000
0.0462778800000000
0.0546446900000000
0.0583513700000000
0.0542038100000000
0.0421195200000000
0.0244908500000000
0.00458504900000000
-0.0131201100000000
-0.0272597300000000
-0.0373608800000000
-0.0414694500000000
-0.0403325600000000
-0.0358750200000000
-0.0297176500000000
-0.0240238400000000
-0.0208518600000000
-0.0203164200000000
-0.0221184000000000
-0.0244713500000000
-0.0238661400000000
-0.0191710000000000
-0.0134453800000000
-0.00972323900000000
-0.00850499800000000
-0.00903113200000000
-0.00995382900000000
-0.0104364400000000
-0.00945166700000000
-0.00693214800000000
-0.00464380900000000
-0.00245229000000000
0.00207128300000000
0.00811408400000000
0.0124705800000000
0.0152123800000000
0.0166969000000000
0.0155055600000000
0.0119571800000000
0.00917052200000000
0.00951028500000000
0.0130441900000000
0.0170520500000000
0.0186477000000000
0.0172676300000000
0.0146026000000000
0.0116578000000000
0.00782973000000000
0.00150215900000000
-0.00794111100000000
-0.0165527400000000
-0.0204817900000000
-0.0206776200000000
-0.0195490000000000
-0.0176626400000000
-0.0145406800000000
-0.00912853700000000
-0.00178529300000000
0.00484033300000000
0.00862321500000000
0.0103988700000000
0.0129403200000000
0.0171095600000000
0.0214411800000000
0.0231215300000000
0.0206857600000000
0.0154114300000000
0.00750505200000000
-0.00312141200000000
-0.0154570700000000
-0.0286918600000000
-0.0396876400000000
-0.0456242500000000
-0.0475411300000000
-0.0479826500000000
-0.0463461100000000
-0.0400532100000000
-0.0294452700000000
-0.0156822600000000
-0.00123379400000000
0.0119587800000000
0.0237664300000000
0.0328288900000000
0.0385549300000000
0.0405483100000000
0.0377287800000000
0.0303880600000000
0.0208497000000000
0.0110368300000000
0.00192076700000000
-0.00573903700000000
-0.0104627700000000
-0.0117713700000000
-0.0106946200000000
-0.0105931800000000
-0.0124732200000000
-0.0133955700000000
-0.0109330100000000
-0.00452538800000000
0.00514541600000000
0.0148726700000000
0.0201910600000000
0.0183821500000000
0.0116946300000000
0.00420642600000000
-0.00136304300000000
-0.00526655700000000
-0.00980377200000000
-0.0157256300000000
-0.0216945400000000
-0.0264448700000000
-0.0290081000000000
-0.0302498200000000
-0.0311203700000000
-0.0316198700000000
-0.0316187600000000
-0.0301067100000000
-0.0254751900000000
-0.0173502500000000
-0.00766516400000000
0.00135958400000000
0.00838084300000000
0.0125141500000000
0.0148479100000000
0.0170241800000000
0.0207544800000000
0.0267587500000000
0.0320433600000000
0.0333212100000000
0.0300824200000000
0.0230571700000000
0.0147369100000000
0.00939417100000000
0.00751713200000000
0.00638188100000000
0.00595935000000000
0.00636113500000000
0.00634850500000000
0.00534234400000000
0.00231155800000000
-0.00321512700000000
-0.00775145900000000
-0.00948029700000000
-0.00937050300000000
-0.00819664000000000
-0.00677552200000000
-0.00473493100000000
-0.00122698500000000
0.00251899100000000
0.00458077200000000
0.00467535100000000
0.00271772900000000
-0.000309706900000000
-0.00381043400000000
-0.00719074700000000
-0.00950099600000000
-0.0105807700000000
-0.0107595200000000
-0.00830312200000000
-0.00211617400000000
0.00456881200000000
0.00963412500000000
0.0132990800000000
0.0158899400000000
0.0159347700000000
0.0117608800000000
0.00342497400000000
-0.00611696500000000
-0.0132432400000000
-0.0167445300000000
-0.0177376600000000
-0.0183946800000000
-0.0196299900000000
-0.0219446400000000
-0.0257173700000000
-0.0296671200000000
-0.0324778000000000
-0.0344533900000000
-0.0363517000000000
-0.0379971300000000
-0.0367890400000000
-0.0313047700000000
-0.0240527800000000
-0.0168529600000000
-0.00919505300000000
-0.00205892300000000
0.00207709500000000
0.00344840100000000
0.00318846600000000
0.00203409200000000
3.81464600000000e-05
-0.00345034100000000
-0.00693276000000000
-0.00784231700000000
-0.00447035800000000
0.00274055000000000
0.0108324800000000
0.0185456700000000
0.0250392800000000
0.0299140500000000
0.0340783800000000
0.0363161800000000
0.0337733300000000
0.0271168900000000
0.0175117200000000
0.00737281500000000
-0.000169036500000000
-0.00468913000000000
-0.00753254300000000
-0.00855332300000000
-0.00860149200000000
-0.0102530500000000
-0.0135703500000000
-0.0168305700000000
-0.0196538700000000
-0.0221449900000000
-0.0239132500000000
-0.0239430600000000
-0.0238605400000000
-0.0263461900000000
-0.0295454000000000
-0.0310330000000000
-0.0307807400000000
-0.0285242200000000
-0.0242203100000000
-0.0190516100000000
-0.0112629800000000
-0.00126054100000000
0.00984571700000000
0.0205940500000000
0.0293221900000000
0.0370116200000000
0.0448375600000000
0.0522345600000000
0.0588151600000000
0.0636058600000000
0.0650500600000000
0.0630076800000000
0.0580660500000000
0.0512241600000000
0.0447154100000000
0.0399333800000000
0.0359701900000000
0.0313033400000000
0.0253268600000000
0.0204411300000000
0.0177773200000000
0.0167033100000000
0.0169874300000000
0.0192139100000000
0.0233152400000000
0.0295830700000000
0.0383441700000000
0.0464070900000000
0.0503163400000000
0.0499941100000000
0.0467433000000000
0.0416721000000000
0.0353160800000000
0.0273475300000000
0.0178153300000000
0.00745046900000000
-0.00205548900000000
-0.00860389000000000
-0.0125820000000000
-0.0152516600000000
-0.0139428500000000
-0.00888997000000000
-0.00221269100000000
0.00645151900000000
0.0156935500000000
0.0234281200000000
0.0299745900000000
0.0351146400000000
0.0370185300000000
0.0365286900000000
0.0342878100000000
0.0305844100000000
0.0256656600000000
0.0191449400000000
0.0113168300000000
0.00460088500000000
-0.00113492900000000
-0.00646178200000000
-0.00934907000000000
-0.0114619700000000
-0.0163017500000000
-0.0224710000000000
-0.0276468700000000
-0.0320426500000000
-0.0337638200000000
-0.0319741500000000
-0.0283288000000000
-0.0239213000000000
-0.0193142200000000
-0.0147381700000000
-0.0100547100000000
-0.00689639800000000
-0.00576291300000000
-0.00513877200000000
-0.00619620900000000
-0.0103672700000000
-0.0156372400000000
-0.0197560200000000
-0.0238381100000000
-0.0285961700000000
-0.0338039800000000
-0.0392675900000000
-0.0443289200000000
-0.0474761400000000
-0.0474959300000000
-0.0429946300000000
-0.0366455100000000
-0.0314050100000000
-0.0264146500000000
-0.0213813100000000
-0.0172928900000000
-0.0140353400000000
-0.0126884100000000
-0.0140428800000000
-0.0174535100000000
-0.0221513600000000
-0.0286503100000000
-0.0355124900000000
-0.0401022100000000
-0.0413962500000000
-0.0393209700000000
-0.0358857400000000
-0.0333652200000000
-0.0322836800000000
-0.0322683500000000
-0.0321963100000000
-0.0297043100000000
-0.0245813200000000
-0.0188125500000000
-0.0133997500000000
-0.00846276600000000
-0.00471951600000000
-0.00168735700000000
0.00178116100000000
0.00607111300000000
0.00955702500000000
0.0109329600000000
0.0116245200000000
0.0121012100000000
0.0120609700000000
0.0127066200000000
0.0137523900000000
0.0125651100000000
0.00963958900000000
0.00799284200000000
0.00940610800000000
0.0120800200000000
0.0138746600000000
0.0139465200000000
0.0121508500000000
0.00873453700000000
0.00419893900000000
0.000372559200000000
-0.00248004800000000
-0.00334674200000000
-0.000570330600000000
0.00361139900000000
0.00715141500000000
0.0103800500000000
0.0125455000000000
0.0124482900000000
0.0110876700000000
0.00850099700000000
0.00360302300000000
-0.00149883000000000
-0.00465869500000000
-0.00630774700000000
-0.00828537600000000
-0.0113419200000000
-0.0145921200000000
-0.0153448300000000
-0.0140465200000000
-0.0126260400000000
-0.0100596500000000
-0.00526970000000000
0.00176884700000000
0.0100889700000000
0.0172496800000000
0.0216476900000000
0.0238786600000000
0.0251217700000000
0.0270156900000000
0.0289768700000000
0.0296590400000000
0.0296240400000000
0.0296744200000000
0.0288774300000000
0.0273144700000000
0.0252250300000000
0.0221928700000000
0.0177856800000000
0.0115280700000000
0.00496529100000000
-0.000480678900000000
-0.00519066600000000
-0.00872566200000000
-0.0101035800000000
-0.0100488500000000
-0.00988509800000000
-0.0100250200000000
-0.00993940700000000
-0.00895998000000000
-0.00725970100000000
-0.00556418200000000
-0.00309581100000000
0.00137155100000000
0.00643573800000000
0.0106249500000000
0.0129862500000000
0.0127041300000000
0.0109989500000000
0.00900337400000000
0.00609652400000000
0.00296720200000000
0.000838584600000000
0.000122921600000000
0.00102878900000000
0.00339394300000000
0.00559100300000000
0.00689286600000000
0.00723601800000000
0.00715718500000000
0.00719668200000000
0.00707105700000000
0.00605029000000000
0.00366833100000000
0.000479980200000000
-0.00177080500000000
-0.00281352100000000
-0.00343292100000000
-0.00283592100000000
-0.000771551500000000
0.00109106400000000
0.00166471200000000
6.33985600000000e-05
-0.00414332100000000
-0.0101926900000000
-0.0177884300000000
-0.0251472100000000
-0.0295104300000000
-0.0307542400000000
-0.0298939400000000
-0.0289483800000000
-0.0288278700000000
-0.0278323200000000
-0.0243110500000000
-0.0181044600000000
-0.0106476300000000
-0.00392185600000000
0.00144585100000000
0.00435009500000000
0.00381012300000000
0.00178574300000000
-0.000519190300000000
-0.00263324700000000
-0.00293582300000000
-0.00253924600000000
-0.00312074300000000
-0.00308150300000000
-0.00183716400000000
0.00120092000000000
0.00640264600000000
0.0128370300000000
0.0186356800000000
0.0236514800000000
0.0280197300000000
0.0311228500000000
0.0333518400000000
0.0341064600000000
0.0327553500000000
0.0282891100000000
0.0204856600000000
0.0112102400000000
0.00201155300000000
-0.00697863400000000
-0.0140361400000000
-0.0187146800000000
-0.0221965800000000
-0.0239658500000000
-0.0227183500000000
-0.0196467600000000
-0.0150423000000000
-0.00921531200000000
-0.00360292300000000
0.00166195500000000
0.00614607200000000
0.00812872100000000
0.00784007000000000
0.00601801200000000
0.00285380600000000
-0.000397195900000000
-0.00405108900000000
-0.00887378100000000
-0.0128142900000000
-0.0131206700000000
-0.0107870800000000
-0.00799998200000000
-0.00423662300000000
-7.44432000000000e-05
0.00349807200000000
0.00719184600000000
0.0108437000000000
0.0138354300000000
0.0159329000000000
0.0167664800000000
0.0170760400000000
0.0165710100000000
0.0144924500000000
0.0103964000000000
0.00547951200000000
-9.32209200000000e-05
-0.00587517100000000
-0.0104366100000000
-0.0141684400000000
-0.0162337000000000
-0.0145271300000000
-0.00953667600000000
-0.00352748700000000
0.00246869600000000
0.00938532000000000
0.0155659600000000
0.0199456800000000
0.0233586100000000
0.0250346300000000
0.0247473400000000
0.0223639300000000
0.0172312100000000
0.0103033100000000
0.00364089400000000
-0.000742022000000000
-0.00154852900000000
-0.000193783300000000
0.00147645100000000
0.00353613500000000
0.00714851100000000
0.0120935300000000
0.0166515900000000
0.0196299400000000
0.0186924000000000
0.0138537000000000
0.00716669000000000
0.000117276000000000
-0.00611632800000000
-0.0108715600000000
-0.0151667900000000
-0.0192634400000000
-0.0230739100000000
-0.0260661800000000
-0.0273529200000000
-0.0269676900000000
-0.0257996700000000
-0.0241922500000000
-0.0203245400000000
-0.0146309400000000
-0.00832126000000000
-0.00124392800000000
0.00621636500000000
0.0125477400000000
0.0161677100000000
0.0168852900000000
0.0161891000000000
0.0144053100000000
0.0118639900000000
0.00920290500000000
0.00818361000000000
0.00882542000000000
0.00982890800000000
0.0109176800000000
0.0108087500000000
0.00974171800000000
0.00919284600000000
0.00851191400000000
0.00728360700000000
0.00518805300000000
0.00163778900000000
-0.00219742300000000
-0.00607930300000000
-0.0101260400000000
-0.0132137900000000
-0.0151169200000000
-0.0175438600000000
-0.0201329000000000
-0.0215376000000000
-0.0229838700000000
-0.0239118200000000
-0.0209889200000000
-0.0153060200000000
-0.0103259800000000
-0.00711320000000000
-0.00482915500000000
-0.00404039000000000
-0.00501201700000000
-0.00598983700000000
-0.00645123500000000
-0.00613864600000000
-0.00543806300000000
-0.00467968100000000
-0.00394452400000000
-0.00350543100000000
-0.00372149300000000
-0.00282869300000000
-0.000905331000000000
-0.000541068900000000
-0.00204831000000000
-0.00409092700000000
-0.00640077700000000
-0.0102224700000000
-0.0160375700000000
-0.0217190900000000
-0.0250111200000000
-0.0264224200000000
-0.0261929700000000
-0.0239062800000000
-0.0205542900000000
-0.0179273500000000
-0.0163969700000000
-0.0152318900000000
-0.0131030700000000
-0.0107743000000000
-0.00993848000000000
-0.00947525700000000
-0.00758146700000000
-0.00490707200000000
-0.00230672600000000
0.00139453900000000
0.00534714100000000
0.00841142200000000
0.0112173700000000
0.0132737300000000
0.0142200100000000
0.0133333100000000
0.0101110400000000
0.00528167000000000
6.34597300000000e-05
-0.00393572100000000
-0.00441692800000000
-0.00132835100000000
0.00377255500000000
0.0102458600000000
0.0169328800000000
0.0234512800000000
0.0278972700000000
0.0300274400000000
0.0307345900000000
0.0307011900000000
0.0293589900000000
0.0267855300000000
0.0236700900000000
0.0207818300000000
0.0196769100000000
0.0203456900000000
0.0204396300000000
0.0184572300000000
0.0148255600000000
0.0108780800000000
0.00848126300000000
0.00769466900000000
0.00784352600000000
0.00761411100000000
0.00680759900000000
0.00640165000000000
0.00481101500000000
0.00109721100000000
-0.00182853500000000
-0.00132901600000000
0.00180320700000000
0.00561560500000000
0.00923537100000000
0.0110303300000000
0.0111128400000000
0.0104007900000000
0.00817168200000000
0.00501491300000000
0.00220567300000000
0.000475342100000000
-3.45501800000000e-05
0.000417580100000000
0.000648978000000000
-0.000936808300000000
-0.00340957500000000
-0.00378699000000000
-0.00272361300000000
-0.00296989800000000
-0.00420824000000000
-0.00537493500000000
-0.00682522200000000
-0.00879326100000000
-0.00992057400000000
-0.0100021800000000
-0.00874876500000000
-0.00583815100000000
-0.00152823600000000
0.00440913200000000
0.0105517300000000
0.0150749100000000
0.0175410200000000
0.0169457100000000
0.0128843600000000
0.00660806400000000
-0.000155152100000000
-0.00600733000000000
-0.00986571200000000
-0.0114365700000000
-0.0129039200000000
-0.0156462300000000
-0.0156760800000000
-0.0125141500000000
-0.00879680800000000
-0.00470507400000000
7.85311700000000e-05
0.00504818000000000
0.00914529900000000
0.0106542600000000
0.00936563600000000
0.00605402900000000
0.00219446700000000
-0.00168548600000000
-0.00564834500000000
-0.00872142500000000
-0.00958465000000000
-0.00817621600000000
-0.00630100800000000
-0.00528839800000000
-0.00492688300000000
-0.00407793100000000
-0.00313321000000000
-0.00329722800000000
-0.00308336200000000
-0.00256810400000000
-0.00319523200000000
-0.00380810500000000
-0.00323414900000000
-0.00202908900000000
-0.000241589700000000
0.00213662700000000
0.00301654100000000
0.00190680500000000
2.02244900000000e-05
-0.00266072100000000
-0.00470317800000000
-0.00407839900000000
-0.00166999100000000
0.00105858000000000
0.00336537600000000
0.00426399500000000
0.00312550600000000
-5.94720100000000e-05
-0.00432231900000000
-0.00778630500000000
-0.0106526500000000
-0.0139267500000000
-0.0170649000000000
-0.0195241400000000
-0.0215719300000000
-0.0225476000000000
-0.0205186000000000
-0.0175099000000000
-0.0160440200000000
-0.0156484600000000
-0.0143375600000000
-0.0114100500000000
-0.00917301300000000
-0.00847297200000000
-0.00889071400000000
-0.00957294600000000
-0.0110558100000000
-0.0140423900000000
-0.0164924500000000
-0.0178182000000000
-0.0198386700000000
-0.0220131500000000
-0.0243848700000000
-0.0267056600000000
-0.0280666900000000
-0.0281663300000000
-0.0262899200000000
-0.0221280100000000
-0.0171462000000000
-0.0120736200000000
-0.00739652000000000
-0.00393453400000000
-0.000827287400000000
0.00240814100000000
0.00436241900000000
0.00414895100000000
0.00448002100000000
0.00522187300000000
0.00329858400000000
-0.00159361200000000
-0.00620259900000000
-0.00832201600000000
-0.00992414600000000
-0.0123697800000000
-0.0139006400000000
-0.0132222400000000
-0.0107962800000000
-0.00638311800000000
7.69499400000000e-05
0.00546191700000000
0.00843413500000000
0.0106914300000000
0.0122604700000000
0.0129416500000000
0.0133012100000000
0.0148979700000000
0.0187514100000000
0.0219062600000000
0.0223683400000000
0.0217728000000000
0.0213594400000000
0.0216817900000000
0.0232383800000000
0.0259921900000000
0.0280019200000000
0.0278817100000000
0.0272521900000000
0.0265026500000000
0.0244495600000000
0.0213043200000000
0.0183474400000000
0.0169309600000000
0.0171628000000000
0.0178279200000000
0.0188012500000000
0.0201377800000000
0.0204149300000000
0.0187718100000000
0.0166928900000000
0.0152803500000000
0.0156078200000000
0.0181664700000000
0.0211758200000000
0.0231099700000000
0.0239461400000000
0.0241999600000000
0.0246108300000000
0.0251155200000000
0.0248588600000000
0.0241284100000000
0.0231241200000000
0.0208512900000000
0.0176891800000000
0.0153559100000000
0.0134787800000000
0.0113671900000000
0.0104624500000000
0.0107263600000000
0.0113516500000000
0.0116416000000000
0.0125016200000000
0.0146770300000000
0.0163514100000000
0.0144511100000000
0.0100232500000000
0.00533795700000000
0.000132425000000000
-0.00535921400000000
-0.00907290000000000
-0.0102219900000000
-0.0101757700000000
-0.0100499900000000
-0.00954244400000000
-0.00834035700000000
-0.00716513600000000
-0.00616036900000000
-0.00525935700000000
-0.00501570500000000
-0.00569137200000000
-0.00700435600000000
-0.00839445500000000
-0.00892293200000000
-0.00761092200000000
-0.00560826200000000
-0.00493027900000000
-0.00532397600000000
-0.00548380000000000
-0.00498694900000000
-0.00371349200000000
-0.00264659900000000
-0.00306052400000000
-0.00447901900000000
-0.00674631500000000
-0.00885402100000000
-0.00987974900000000
-0.00989350400000000
-0.0101320000000000
-0.0117874000000000
-0.0139945200000000
-0.0147979400000000
-0.0142107700000000
-0.0140843200000000
-0.0144137300000000
-0.0129561800000000
-0.0106937100000000
-0.00983727700000000
-0.00973775600000000
-0.00888012100000000
-0.00736083500000000
-0.00666976100000000
-0.00794849400000000
-0.00978811300000000
-0.0111130300000000
-0.0115659300000000
-0.0107131200000000
-0.0100986000000000
-0.0100891300000000
-0.00933957300000000
-0.00784247900000000
-0.00774907100000000
-0.00988000800000000
-0.0130811700000000
-0.0156885700000000
-0.0166118400000000
-0.0167638600000000
-0.0177209100000000
-0.0191381300000000
-0.0206895100000000
-0.0223361000000000
-0.0239579900000000
-0.0239006200000000
-0.0216564300000000
-0.0191547100000000
-0.0175684200000000
-0.0163606400000000
-0.0154298900000000
-0.0137646500000000
-0.0110914100000000
-0.00963228800000000
-0.00966312200000000
-0.00935158200000000
-0.00715863200000000
-0.00376711800000000
-0.000495282800000000
0.00157409700000000
0.00284013400000000
0.00398610500000000
0.00481747300000000
0.00431284900000000
0.00149946000000000
-0.00223868600000000
-0.00493538700000000
-0.00687679900000000
-0.00974784400000000
-0.0124041700000000
-0.0131397700000000
-0.0122561200000000
-0.0103372300000000
-0.00700925100000000
-0.00232699700000000
0.00186647000000000
0.00459936300000000
0.00587912100000000
0.00645862100000000
0.00671977300000000
0.00679802100000000
0.00727284400000000
0.00824573100000000
0.00937206800000000
0.00904627400000000
0.00658978800000000
0.00374807300000000
0.00149272000000000
0.000117486400000000
-0.000595309500000000
-0.000826602800000000
-0.000174101900000000
0.000703819900000000
0.00159108300000000
0.00306490800000000
0.00415277600000000
0.00431321200000000
0.00439784400000000
0.00532306400000000
0.00731051600000000
0.0100624200000000
0.0124116300000000
0.0134938000000000
0.0141122800000000
0.0149808900000000
0.0155844200000000
0.0162935700000000
0.0173152200000000
0.0176692500000000
0.0176491200000000
0.0188476900000000
0.0212453500000000
0.0228758300000000
0.0237214700000000
0.0234902300000000
0.0215495500000000
0.0190797300000000
0.0168629800000000
0.0148054900000000
0.0138959400000000
0.0146298900000000
0.0164549000000000
0.0183525300000000
0.0199555600000000
0.0208470400000000
0.0204896300000000
0.0178950600000000
0.0140971400000000
0.0107582000000000
0.00836515600000000
0.00778752900000000
0.00889371100000000
0.00933409300000000
0.00808068300000000
0.00631342800000000
0.00467012800000000
0.00394288000000000
0.00419240000000000
0.00488463600000000
0.00461383100000000
0.00205176400000000
-0.00158234700000000
-0.00506196200000000
-0.00799142500000000
-0.00992856700000000
-0.0102660600000000
-0.00876607200000000
-0.00632875200000000
-0.00478044300000000
-0.00458803500000000
-0.00509195600000000
-0.00590511500000000
-0.00733490200000000
-0.00867939600000000
-0.00953829800000000
-0.00992129400000000
-0.00967677700000000
-0.00934942200000000
-0.00938806300000000
-0.00892036600000000
-0.00768350100000000
-0.00608024200000000
-0.00459585100000000
-0.00338856200000000
-0.00270083600000000
-0.00242031400000000
-0.00311374900000000
-0.00531908600000000
-0.00742271100000000
-0.00864184700000000
-0.00965763500000000
-0.0101679800000000
-0.00995911300000000
-0.00969568000000000
-0.0107263700000000
-0.0133608200000000
-0.0151688600000000
-0.0145564900000000
-0.0125766800000000
-0.0106853900000000
-0.0101941300000000
-0.00959050100000000
-0.00643987300000000
-0.00141764100000000
0.00255050400000000
0.00402217700000000
0.00398054300000000
0.00187286300000000
-0.00222486700000000
-0.00628874300000000
-0.00930088600000000
-0.0100524400000000
-0.00903589400000000
-0.00746445600000000
-0.00537711100000000
-0.00265728400000000
0.000611475000000000
0.00354865700000000
0.00536745100000000
0.00660248500000000
0.00860284100000000
0.0113892800000000
0.0134438700000000
0.0140641500000000
0.0138389000000000
0.0125560300000000
0.0111422200000000
0.0103123300000000
0.00945971900000000
0.00727371400000000
0.00369059100000000
-0.000455252900000000
-0.00401947800000000
-0.00574625500000000
-0.00572962100000000
-0.00499700700000000
-0.00377810600000000
-0.00193549000000000
-0.000802243800000000
-0.000444543400000000
-0.000416894900000000
-0.000267087100000000
-7.09900300000000e-05
0.000212973500000000
0.000770649900000000
0.00170474100000000
0.00289684500000000
0.00320129500000000
0.00260065300000000
0.000463294400000000
-0.00248048900000000
-0.00388887700000000
-0.00416984400000000
-0.00455667500000000
-0.00492339400000000
-0.00537380300000000
-0.00587896200000000
-0.00536214700000000
-0.00344568900000000
-0.00215709700000000
-0.00312770600000000
-0.00496485900000000
-0.00546495800000000
-0.00461588800000000
-0.00474591300000000
-0.00527782600000000
-0.00650897000000000
-0.00863305000000000
-0.0100390100000000
-0.0103574400000000
-0.0101266100000000
-0.00934323900000000
-0.00861861800000000
-0.00937432600000000
-0.0112965400000000
-0.0124658800000000
-0.0112606600000000
-0.00993260300000000
-0.00977937100000000
-0.0100196400000000
-0.0100997500000000
-0.0100664100000000
-0.0100613600000000
-0.00997321300000000
-0.00984868600000000
-0.0102643100000000
-0.0115862100000000
-0.0127287800000000
-0.0123216400000000
-0.0109198500000000
-0.0100549800000000
-0.00897098800000000
-0.00730189900000000
-0.00703675800000000
-0.00823247300000000
-0.00857626100000000
-0.00659121400000000
-0.00430155300000000
-0.00371613500000000
-0.00376962700000000
-0.00301704600000000
-0.00100102800000000
0.00133318700000000
0.00264355600000000
0.00338134100000000
0.00421838300000000
0.00549371200000000
0.00741454100000000
0.00977870800000000
0.0118556900000000
0.0136613200000000
0.0159034700000000
0.0181584000000000
0.0192014300000000
0.0191967100000000
0.0193779200000000
0.0201709400000000
0.0203930000000000
0.0193490800000000
0.0184507500000000
0.0177809000000000
0.0166183100000000
0.0148849600000000
0.0122649300000000
0.0100868000000000
0.00992816600000000
0.0116875000000000
0.0143403800000000
0.0166869100000000
0.0175968900000000
0.0177976900000000
0.0169939100000000
0.0142538600000000
0.0116287800000000
0.00993554100000000
0.00873600700000000
0.00972100600000000
0.0115395600000000
0.0116104700000000
0.00995300000000000
0.00797741900000000
0.00667052300000000
0.00618196500000000
0.00652717200000000
0.00745966300000000
0.00919131000000000
0.0111641500000000
0.0123013300000000
0.0121272900000000
0.0106568800000000
0.00890537400000000
0.00789150100000000
0.00619646900000000
0.00324281200000000
0.000262597300000000
-0.00163173200000000
-0.00200066500000000
-0.00138826400000000
0.000332757400000000
0.00310568500000000
0.00575153700000000
0.00748903000000000
0.00781052900000000
0.00685142800000000
0.00607203800000000
0.00595320500000000
0.00520609000000000
0.00279915200000000
0.000882345000000000
-0.000559574300000000
-0.00282845100000000
-0.00482170700000000
-0.00624887600000000
-0.00780948600000000
-0.00905338900000000
-0.00941894700000000
-0.00945186600000000
-0.00976229500000000
-0.0102110500000000
-0.0102932800000000
-0.00917775000000000
-0.00709778400000000
-0.00598419800000000
-0.00583802800000000
-0.00522235300000000
-0.00441884900000000
-0.00453263000000000
-0.00580112500000000
-0.00775699500000000
-0.0101819100000000
-0.0117038800000000
-0.0117275200000000
-0.0114274200000000
-0.0106287900000000
-0.0101251400000000
-0.00993781000000000
-0.00898214500000000
-0.00731448800000000
-0.00632226600000000
-0.00620343100000000
-0.00580177800000000
-0.00538657700000000
-0.00543090700000000
-0.00673508200000000
-0.00906197500000000
-0.0102804100000000
-0.0101956700000000
-0.00991675600000000
-0.00994149000000000
-0.0101429700000000
-0.00993739900000000
-0.00873437500000000
-0.00661547800000000
-0.00464518200000000
-0.00386805400000000
-0.00379761400000000
-0.00452413500000000
-0.00556060500000000
-0.00672394400000000
-0.00741868600000000
-0.00635063200000000
-0.00466422700000000
-0.00375098400000000
-0.00327208300000000
-0.00170490300000000
0.000144097000000000
0.000986468300000000
0.00116556500000000
0.000528978800000000
-0.00142359600000000
-0.00345403500000000
-0.00439131600000000
-0.00359181300000000
-0.00280456500000000
-0.00470360200000000
-0.00707906600000000
-0.00794261000000000
-0.00851450000000000
-0.0108320500000000
-0.0144543600000000
-0.0165674100000000
-0.0163807800000000
-0.0141492800000000
-0.0112966500000000
-0.00952336000000000
-0.00750041200000000
-0.00493458200000000
-0.00330007200000000
-0.00209065500000000
-0.00237156400000000
-0.00462792800000000
-0.00751334400000000
-0.00966003900000000
-0.0102718600000000
-0.00979916100000000
-0.00888600000000000
-0.00765915900000000
-0.00572223600000000
-0.00327924600000000
-0.00128359300000000
0.000284120300000000
0.00244104100000000
0.00361431400000000
0.00324203400000000
0.00225350700000000
0.00135158700000000
0.00107224100000000
0.000766040100000000
0.000708467600000000
0.00150453500000000
0.00189048700000000
0.00215997600000000
0.00284924700000000
0.00351814900000000
0.00368753100000000
0.00399454700000000
0.00532225000000000
0.00673080000000000
0.00815850500000000
0.00947695200000000
0.0100434400000000
0.0103350600000000
0.0108784900000000
0.0114355000000000
0.0123066900000000
0.0130967800000000
0.0132375800000000
0.0139225900000000
0.0139564500000000
0.0122391600000000
0.00936674400000000
0.00703222600000000
0.00594951400000000
0.00656730800000000
0.00790012600000000
0.00902213700000000
0.0116202400000000
0.0144245900000000
0.0157171700000000
0.0165096900000000
0.0176146500000000
0.0179765100000000
0.0175339800000000
0.0166879100000000
0.0154492500000000
0.0149120700000000
0.0158719200000000
0.0170929600000000
0.0175416300000000
0.0169820900000000
0.0157173600000000
0.0149214800000000
0.0140757400000000
0.0126970700000000
0.0114261600000000
0.00990677500000000
0.00824838400000000
0.00596819800000000
0.00417015200000000
0.00423448300000000
0.00543305400000000
0.00584886200000000
0.00585084400000000
0.00610079100000000
0.00585127100000000
0.00577071000000000
0.00605101500000000
0.00543394100000000
0.00414114000000000
0.00220102700000000
-0.000318548800000000
-0.00160607000000000
-0.00194276500000000
-0.00253830700000000
-0.00321432400000000
-0.00382843300000000
-0.00420293900000000
-0.00338639000000000
-0.00247529100000000
-0.00272223800000000
-0.00301036200000000
-0.00306179300000000
-0.00354213900000000
-0.00467123600000000
-0.00635309600000000
-0.00796942300000000
-0.00817420000000000
-0.00702814400000000
-0.00554936400000000
-0.00487581700000000
-0.00519933500000000
-0.00545061000000000
-0.00581320000000000
-0.00674216500000000
-0.00681827100000000
-0.00557473600000000
-0.00436614100000000
-0.00435956700000000
-0.00589545700000000
-0.00757346400000000
-0.00874004300000000
-0.00935536000000000
-0.00839137000000000
-0.00643702400000000
-0.00495075800000000
-0.00422935500000000
-0.00437732200000000
-0.00476310400000000
-0.00482727000000000
-0.00366580700000000
-0.00113512600000000
0.00130920400000000
0.00136215100000000
-0.00119106900000000
-0.00467537000000000
-0.00827050500000000
-0.00995818100000000
-0.0100374700000000
-0.0109538900000000
-0.0132592600000000
-0.0156120000000000
-0.0183241600000000
-0.0206367600000000
-0.0222838900000000
-0.0244639300000000
-0.0267479300000000
-0.0279025400000000
-0.0271613500000000
-0.0248146800000000
-0.0209955800000000
-0.0161359400000000
-0.0105314300000000
-0.00603704900000000
-0.00410216800000000
-0.00431216200000000
-0.00448959200000000
-0.00413048100000000
-0.00511464500000000
-0.00617625800000000
-0.00516302200000000
-0.00354018500000000
-0.00328266600000000
-0.00372997300000000
-0.00414004800000000
-0.00503896600000000
-0.00588974700000000
-0.00567497400000000
-0.00428556600000000
-0.00187040600000000
0.000372820600000000
0.00209464200000000
0.00320950600000000
0.00310689000000000
0.00373815900000000
0.00548860100000000
0.00653302300000000
0.00646087800000000
0.00644050400000000
0.00590532500000000
0.00375958100000000
0.000864209300000000
-0.00137901600000000
-0.00266655800000000
-0.00315219700000000
-0.00303966900000000
-0.00285811200000000
-0.00172645000000000
-0.000752674100000000
-0.000747121000000000
-0.000365269500000000
0.000459655100000000
0.00104663100000000
0.00240849500000000
0.00425021600000000
0.00490105800000000
0.00534575300000000
0.00624011400000000
0.00627866300000000
0.00524210500000000
0.00397686800000000
0.00198420200000000
0.000120475300000000
-0.00137361700000000
-0.00204379700000000
-0.00117679500000000
0.000949642500000000
0.00366904200000000
0.00707365900000000
0.0105196800000000
0.0125551300000000
0.0136880600000000
0.0147063200000000
0.0156270200000000
0.0163728300000000
0.0163377900000000
0.0147076300000000
0.0129883900000000
0.0119943500000000
0.00980403200000000
0.00713205300000000
0.00606687300000000
0.00705413400000000
0.00892084000000000
0.0104135300000000
0.0103465200000000
0.00973413900000000
0.00939488300000000
0.00855117200000000
0.00722259100000000
0.00557525400000000
0.00344524600000000
0.00245091100000000
0.00324638400000000
0.00316833700000000
0.00140254200000000
0.000374653400000000
0.000222331700000000
-4.43735400000000e-05
-0.000498753300000000
-0.00114347400000000
-0.00123948100000000
-0.000474193300000000
0.000980939400000000
0.00332507100000000
0.00565283800000000
0.00664188500000000
0.00699860100000000
0.00733761800000000
0.00695768700000000
0.00637083400000000
0.00654781700000000
0.00703471600000000
0.00711225600000000
0.00634388000000000
0.00544313000000000
0.00452489000000000
0.00331334200000000
0.00195861500000000
0.00162483200000000
0.00288920600000000
0.00454118500000000
0.00694441700000000
0.0108816900000000
0.0142953100000000
0.0160346700000000
0.0169119700000000
0.0163021300000000
0.0140694100000000
0.0115290400000000
0.00860704500000000
0.00601690200000000
0.00423578500000000
0.00109855800000000
-0.00319518500000000
-0.00716904600000000
-0.0104045200000000
-0.0124650700000000
-0.0124360600000000
-0.0108869500000000
-0.00906022600000000
-0.00688514900000000
-0.00478059800000000
-0.00309283200000000
-0.00191274100000000
-0.00157705300000000
-0.00210837600000000
-0.00184287900000000
-0.00166065300000000
-0.00314838600000000
-0.00606259500000000
-0.00896277900000000
-0.0100901700000000
-0.00944758700000000
-0.00877845600000000
-0.00925662900000000
-0.00930716200000000
-0.00789910700000000
-0.00574944600000000
-0.00408499300000000
-0.00371732500000000
-0.00457712500000000
-0.00576637100000000
-0.00627214400000000
-0.00541827000000000
-0.00507144900000000
-0.00628940300000000
-0.00691569400000000
-0.00693700400000000
-0.00766682600000000
-0.00921813400000000
-0.0102215000000000
-0.0102487600000000
-0.00932467100000000
-0.00764733900000000
-0.00616472900000000
-0.00481074000000000
-0.00318158700000000
-0.00126371900000000
0.000865984300000000
0.00203291600000000
0.00149409100000000
0.00171228800000000
0.00289883000000000
0.00243705100000000
0.000885528400000000
-0.000186167900000000
-0.000936769600000000
-0.00131217800000000
-0.00183176200000000
-0.00301580900000000
-0.00443604800000000
-0.00598190300000000
-0.00717792500000000
-0.00753423400000000
-0.00779009400000000
-0.00816718000000000
-0.00834685000000000
-0.00817753600000000
-0.00724741800000000
-0.00635471200000000
-0.00614553600000000
-0.00500348000000000
-0.00366989100000000
-0.00407256100000000
-0.00463572100000000
-0.00429172600000000
-0.00367661900000000
-0.00301755400000000
-0.00269660800000000
-0.00259546100000000
-0.00183892700000000
-1.42207800000000e-05
0.00151478900000000
0.00258009700000000
0.00382777200000000
0.00513060500000000
0.00606980600000000
0.00619143900000000
0.00678816700000000
0.00751543100000000
0.00673206400000000
0.00600632200000000
0.00600665200000000
0.00548968900000000
0.00442999000000000
0.00354817200000000
0.00255940600000000
0.00166047600000000
0.000704752200000000
-0.000330613100000000
-0.000766474500000000
-0.00110505600000000
-0.00120787900000000
-0.000848832600000000
-0.000237633300000000
0.000938928000000000
0.00257094500000000
0.00328001300000000
0.00309699900000000
0.00186205100000000
-0.000368520000000000
-0.000869399800000000
0.000195932300000000
-0.000178500200000000
-0.00171525700000000
-0.00170687100000000
-0.000787423500000000
0.000175221300000000
0.00105369400000000
0.00172752100000000
0.00314634400000000
0.00467898000000000
0.00502061600000000
0.00394508900000000
0.00252639000000000
0.00119791300000000
0.000420234500000000
-0.000215211500000000
-0.000144634200000000
0.000455053600000000
0.000715687900000000
0.00138758200000000
0.00242500700000000
0.00278110400000000
0.00229067900000000
0.00232212100000000
0.00260157100000000
0.00236050500000000
0.00235424000000000
0.00196214700000000
0.000604194400000000
-0.000245360700000000
-0.000399752800000000
-0.00124271100000000
-0.00224346800000000
-0.00202456300000000
-0.00176864200000000
-0.00209986200000000
-0.00224497000000000
-0.00266308600000000
-0.00369673800000000
-0.00505815700000000
-0.00672322400000000
-0.00704938600000000
-0.00623763000000000
-0.00543638900000000
-0.00399225700000000
-0.00124443300000000
0.00198933400000000
0.00485068300000000
0.00733891300000000
0.00802359200000000
0.00696211300000000
0.00570122400000000
0.00433159000000000
0.00360354100000000
0.00451335100000000
0.00591888900000000
0.00561729400000000
0.00443167500000000
0.00380799800000000
0.00361503100000000
0.00344840900000000
0.00394934500000000
0.00476886200000000
0.00523715800000000
0.00622448200000000
0.00734235600000000
0.00800271000000000
0.00769867500000000
0.00588621600000000
0.00460527800000000
0.00365941200000000
0.00320315100000000
0.00416209100000000
0.00607037600000000
0.00749248500000000
0.00723900700000000
0.00622434400000000
0.00591518300000000
0.00655508000000000
0.00790915900000000
0.00847803000000000
0.00649598900000000
0.00343769800000000
0.00143035300000000
-0.000198723500000000
-0.00292455600000000
-0.00606937000000000
-0.00765292900000000
-0.00730803000000000
-0.00635847100000000
-0.00561091000000000
-0.00479768300000000
-0.00355417200000000
-0.00220908400000000
-0.00121094100000000
-0.000750206400000000
-0.00102099700000000
-0.00218960100000000
-0.00377673300000000
-0.00459086300000000
-0.00483337300000000
-0.00455444400000000
-0.00440532700000000
-0.00440805900000000
-0.00406157300000000
-0.00380340300000000
-0.00410259900000000
-0.00564400700000000
-0.00792384900000000
-0.00871081800000000
-0.00787754600000000
-0.00662004200000000
-0.00499624300000000
-0.00417883400000000
-0.00371499000000000
-0.00304346300000000
-0.00251454600000000
-0.00224436000000000
-0.00161457000000000
-0.00210077100000000
-0.00443587200000000
-0.00658823300000000
-0.00785708800000000
-0.00928509500000000
-0.0108152600000000
-0.0115087500000000
-0.0106687300000000
-0.00995209900000000
-0.00995052500000000
-0.00931079400000000
-0.00750796200000000
-0.00593169300000000
-0.00509556800000000
-0.00428105700000000
-0.00379886000000000
-0.00410462900000000
-0.00468367000000000
-0.00512602700000000
-0.00560516000000000
-0.00576818300000000
-0.00495374800000000
-0.00310350000000000
-0.00195242700000000
-0.00291303100000000
-0.00326366500000000
-0.00209747800000000
-0.00129206000000000
-0.00116148800000000
-0.000929202000000000
-0.000882562500000000
-0.00170314300000000
-0.00273091500000000
-0.00364236000000000
-0.00370338300000000
-0.00238071900000000
0.000301655700000000
0.00371243000000000
0.00642458200000000
0.00678988700000000
0.00651742900000000
0.00718925700000000
0.00804196900000000
0.00811769700000000
0.00825700400000000
0.00774234800000000
0.00619354500000000
0.00481549300000000
0.00402288500000000
0.00327136800000000
0.00271404700000000
0.00239914800000000
0.00208337200000000
0.00185436000000000
0.00131478700000000
0.00128784600000000
0.00154750200000000
0.00178446700000000
0.00195312200000000
0.00205459800000000
0.00326848000000000
0.00512826200000000
0.00634222400000000
0.00637795600000000
0.00658834400000000
0.00672598600000000
0.00512760000000000
0.00289461200000000
0.00167489700000000
0.00208701000000000
0.00327171800000000
0.00423949100000000
0.00541909200000000
0.00581908300000000
0.00520464000000000
0.00493394900000000
0.00511395700000000
0.00514305200000000
0.00396778500000000
0.00280589300000000
0.00379992500000000
0.00657021400000000
0.00873842600000000
0.00909119200000000
0.00989071500000000
0.0106097300000000
0.0102511500000000
0.00938733800000000
0.00843881400000000
0.00734904900000000
0.00595356600000000
0.00447594100000000
0.00336820100000000
0.00204861600000000
0.000712841900000000
0.000425182500000000
0.000809894400000000
0.000741571600000000
0.000437422900000000
0.00116592000000000
0.00273959900000000
0.00336548700000000
0.00230995700000000
0.00124384300000000
0.00168468200000000
0.00193070800000000
0.00102652100000000
0.000479712100000000
0.000480985000000000
0.000413181600000000
0.000104349200000000
-0.000183591900000000
0.000305546800000000
0.000811901300000000
0.000251119400000000
-0.000656727600000000
-0.00217498300000000
-0.00419367100000000
-0.00502888900000000
-0.00430312700000000
-0.00283326100000000
-0.00166003400000000
-0.000306096900000000
0.00157359400000000
0.00366231200000000
0.00418403600000000
0.00321671700000000
0.00262235600000000
0.00209787700000000
0.00105455500000000
0.000101272900000000
-0.00111269100000000
-0.00303021800000000
-0.00527714900000000
-0.00731009000000000
-0.00837936900000000
-0.00833227200000000
-0.00758403600000000
-0.00672872800000000
-0.00682181800000000
-0.00730499200000000
-0.00733838600000000
-0.00682517400000000
-0.00557295700000000
-0.00397833600000000
-0.00352088900000000
-0.00469010400000000
-0.00557606100000000
-0.00606525900000000
-0.00654788600000000
-0.00706347000000000
-0.00765552200000000
-0.00749949500000000
-0.00697820700000000
-0.00719231200000000
-0.00754678600000000
-0.00750557700000000
-0.00686848000000000
-0.00533888800000000
-0.00377966900000000
-0.00278046300000000
-0.00191111300000000
-0.00132043100000000
-0.00162957700000000
-0.00188323500000000
-0.00117669000000000
1.53559800000000e-05
0.000861549300000000
0.000704728400000000
0.000580888500000000
0.00175037400000000
0.00373422400000000
0.00437317500000000
0.00368001000000000
0.00337588900000000
0.00387016300000000
0.00437199800000000
0.00445279000000000
0.00381627900000000
0.00270450100000000
0.00240938300000000
0.00277256400000000
0.00293617900000000
0.00290186700000000
0.00312803000000000
0.00346552400000000
0.00345011000000000
0.00327895600000000
0.00249541700000000
0.00123563300000000
0.000472209700000000
0.000421398400000000
0.000345938700000000
8.60300900000000e-06
-5.86060100000000e-05
0.000772991500000000
0.00198711700000000
0.00261422400000000
0.00266395900000000
0.00236468100000000
0.00186578100000000
0.00144652300000000
0.00161197100000000
0.00188016600000000
0.00133693400000000
0.000636106000000000
0.000350538200000000
9.88815100000000e-06
-0.000405982700000000
-0.000280271200000000
0.000889878900000000
0.00237182900000000
0.00301406600000000
0.00255329600000000
0.00204690900000000
0.00193542400000000
0.00136359600000000
0.000442610400000000
-0.000109961900000000
-0.000462986300000000
-0.000658117600000000
-0.000730555600000000
-0.000942953800000000
-0.000991654900000000
-0.000634534200000000
-0.000359599300000000
-0.000323509900000000
-5.99736100000000e-05
0.000316639500000000
0.000500473800000000
0.000587424100000000
0.000107895400000000
-0.000540212100000000
-0.000929235900000000
-0.00135678400000000
-0.00152488900000000
-0.00160465600000000
-0.00204743100000000
-0.00245712700000000
-0.00259358800000000
-0.00329739700000000
-0.00434413200000000
-0.00428269600000000
-0.00389643700000000
-0.00420065400000000
-0.00421967400000000
-0.00353448200000000
-0.00302186000000000
-0.00342288800000000
-0.00419519700000000
-0.00443864500000000
-0.00424028000000000
-0.00405925000000000
-0.00400740200000000
-0.00386468800000000
-0.00352101200000000
-0.00317219200000000
-0.00264683800000000
-0.00224112200000000
-0.00232467100000000
-0.00231841100000000
-0.00225497000000000
-0.00208933500000000
-0.00182728500000000
-0.00174615500000000
-0.00177699100000000
-0.00176279600000000
-0.00170589800000000
-0.00170962100000000
-0.00154499000000000
-0.00106719000000000
-0.000649809900000000
-0.000711147900000000
-0.00101729600000000
-0.00109289600000000
-0.00119871000000000
-0.00147279400000000
-0.00141561900000000
-0.00104403200000000
-0.000720028600000000
-0.000307367300000000
0.000147496200000000
0.000473203200000000
0.000501227500000000
0.000387637500000000
0.000542488200000000
0.000800247800000000
0.000855536000000000
0.000794761200000000
0.000742420300000000
0.000658934400000000
0.000549323700000000
0.000668091900000000
0.000914634900000000
0.000992154300000000
0.00101784400000000
0.00114843000000000
0.00133749300000000
0.00151316000000000
0.00160213900000000
0.00166643200000000
0.00168817200000000
0.00170160500000000
0.00177702000000000
0.00187086800000000
0.00188843700000000
0.00189724000000000
0.00203101800000000
0.00205694400000000
0.00195637800000000
0.00195214600000000
0.00202372500000000
0.00205500500000000
0.00195432400000000
0.00175304800000000
0.00166791900000000
0.00166583700000000
0.00166735700000000
0.00169761900000000
0.00177305000000000
0.00189215200000000
0.00192420900000000
0.00177830800000000
0.00162060900000000
0.00150604800000000
0.00135781100000000
0.00120940800000000
0.00121250600000000
0.00126652000000000
0.00118498700000000
0.00108592300000000
0.00105480000000000
0.00102082100000000
0.000947924500000000
0.000889129800000000
0.000900915000000000
0.000975577100000000
0.00103936300000000
0.00101253600000000
0.000896618700000000
0.000810247400000000
0.000739052400000000
0.000603656000000000
0.000487504300000000
0.000432551400000000
0.000409348600000000
0.000386919900000000
0.000387962700000000
0.000379133600000000
0.000326006100000000
0.000291922200000000
0.000277301500000000
0.000277889700000000
0.000262235000000000
0.000206306900000000
0.000157340800000000
0.000121372700000000
8.25410700000000e-05
3.34744900000000e-05
-1.01522700000000e-05
-2.61414600000000e-05
-2.28442700000000e-05
-2.13406300000000e-05
-3.14824200000000e-05
-4.25921400000000e-05
-5.04705700000000e-05
-6.16842500000000e-05
-6.65226100000000e-05
-6.52497400000000e-05
-6.68406000000000e-05
-6.29662600000000e-05
-6.28228900000000e-05
-6.46797100000000e-05
-6.96379700000000e-05
-8.85032900000000e-05
-0.000103288400000000
-0.000105805800000000
-0.000101670800000000
-9.94932200000000e-05
-0.000100739300000000
-0.000100934600000000
-9.36838800000000e-05
-8.15073200000000e-05
-7.46387300000000e-05
-7.30434900000000e-05
-7.43800100000000e-05
-7.83481100000000e-05
-8.09240800000000e-05
-8.12920700000000e-05
-8.39162000000000e-05
-8.51895700000000e-05
-8.60495900000000e-05
-8.99161600000000e-05
-9.35448900000000e-05
-9.40380300000000e-05
-9.22261700000000e-05
-9.03157600000000e-05
-8.90672400000000e-05
-9.01727200000000e-05
-9.24276600000000e-05
-9.48965200000000e-05
-9.78941200000000e-05
-0.000100427300000000
-0.000102893900000000
-0.000105987200000000
-0.000109047900000000
-0.000111292200000000
-0.000112845500000000
-0.000114172900000000
-0.000115432300000000
-0.000116670700000000
-0.000118111300000000
-0.000119665100000000
-0.000121166900000000
-0.000122714800000000
-0.000124432700000000
-0.000126245900000000
-0.000128037100000000
-0.000129788500000000
-0.000131493900000000
-0.000133160600000000
-0.000134817000000000
-0.000136465000000000
-0.000138072100000000
-0.000139626200000000
-0.000141140500000000
-0.000142628400000000
-0.000144089200000000
-0.000145517400000000
-0.000146910000000000
-0.000148266000000000
-0.000149586100000000
-0.000150870500000000
-0.000152119100000000