-0.006116
-0.001159
0.001313
-0.002886
-0.005354
-0.004591
-0.000155
0.004611
0.007181
0.007214
0.006615
0.002906
-0.002737
-0.008495
-0.009416
-0.010490
-0.014181
-0.012994
-0.008261
-0.006604
-0.009511
-0.010439
-0.007808
-0.004608
-0.008787
-0.015592
-0.020392
-0.027169
-0.035489
-0.039711
-0.040785
-0.039748
-0.038802
-0.037107
-0.034137
-0.032363
-0.029832
-0.022738
-0.015416
-0.008231
-0.001948
0.001906
0.002416
0.004748
0.008002
0.011353
0.023376
0.037737
0.045223
0.051106
0.059487
0.063777
0.068122
0.076266
0.084724
0.088520
0.090681
0.093465
0.093866
0.093618
0.093183
0.088034
0.078989
0.069123
0.056919
0.042587
0.033364
0.025874
0.017511
0.013884
0.014574
0.016127
0.016816
0.013822
0.009039
0.008238
0.012092
0.012524
0.010514
0.007031
0.000892
-0.008021
-0.013421
-0.015250
-0.019446
-0.024775
-0.028762
-0.036392
-0.041491
-0.041997
-0.045330
-0.051344
-0.050856
-0.045670
-0.046263
-0.046854
-0.042098
-0.038874
-0.039687
-0.039103
-0.036881
-0.034333
-0.030542
-0.028982
-0.030366
-0.032232
-0.032796
-0.034693
-0.034067
-0.029231
-0.022925
-0.015654
-0.004973
0.005748
0.014731
0.025775
0.033275
0.036645
0.040208
0.043481
0.046251
0.044827
0.039371
0.035608
0.025577
0.003556
-0.015329
-0.029997
-0.047789
-0.065253
-0.077988
-0.087735
-0.095448
-0.097289
-0.098677
-0.099394
-0.093242
-0.079825
-0.065717
-0.053773
-0.038460
-0.026582
-0.016386
-0.009154
-0.007830
-0.006037
-0.002431
0.002057
0.004485
0.003825
0.000734
-0.001790
-0.002422
-0.004271
-0.004315
-0.002780
-0.002357
-0.004367
-0.004085
-0.004601
-0.006657
-0.011753
-0.013596
-0.012662
-0.011214
-0.007088
-0.004101
-0.000632
0.005312
0.016576
0.029200
0.038777
0.044080
0.046293
0.045486
0.043348
0.043440
0.045584
0.047345
0.046023
0.039290
0.030630
0.019718
0.006010
-0.004481
-0.013204
-0.016192
-0.014118
-0.017814
-0.026754
-0.027811
-0.028068
-0.029116
-0.025422
-0.015477
-0.002779
0.006945
0.015127
0.026930
0.037237
0.043871
0.050254
0.052685
0.048317
0.044257
0.039225
0.033160
0.024346
0.009182
-0.003106
-0.011285
-0.019098
-0.025862
-0.033311
-0.040528
-0.050889
-0.063294
-0.076504
-0.088514
-0.099548
-0.107096
-0.109648
-0.110130
-0.113422
-0.115942
-0.118136
-0.118935
-0.115119
-0.109006
-0.100184
-0.086548
-0.075392
-0.072039
-0.066089
-0.057102
-0.049049
-0.037529
-0.023439
-0.013128
-0.002905
0.005838
0.008499
0.013327
0.023679
0.032884
0.036616
0.043712
0.050893
0.051004
0.047354
0.041791
0.034210
0.029577
0.027281
0.022597
0.012631
0.000863
-0.006337
-0.011132
-0.015444
-0.014920
-0.007544
0.003287
0.018322
0.036137
0.049954
0.055658
0.058044
0.062975
0.065281
0.062177
0.059218
0.059517
0.061475
0.051435
0.037145
0.025302
0.016569
0.008212
0.001144
-0.005929
-0.011526
-0.016792
-0.022673
-0.030689
-0.040560
-0.046672
-0.045206
-0.046012
-0.048299
-0.044767
-0.038495
-0.033002
-0.027383
-0.015205
0.001245
0.019767
0.039285
0.056989
0.070504
0.081248
0.092580
0.100963
0.106998
0.113176
0.120787
0.125891
0.126503
0.123495
0.123112
0.127372
0.130514
0.129786
0.128963
0.124676
0.120341
0.117296
0.110236
0.101116
0.089999
0.076697
0.058829
0.036507
0.014033
-0.004467
-0.014133
-0.014758
-0.012765
-0.012107
-0.006588
0.005081
0.020976
0.037944
0.055756
0.074724
0.093526
0.115220
0.138452
0.160678
0.178732
0.191700
0.202744
0.213822
0.220128
0.223183
0.226525
0.225760
0.221275
0.216461
0.211008
0.203723
0.193816
0.185828
0.174893
0.166011
0.159408
0.153705
0.149939
0.141993
0.130365
0.108069
0.067213
0.007758
-0.063439
-0.133605
-0.195675
-0.245624
-0.282821
-0.310801
-0.336432
-0.352856
-0.360368
-0.362412
-0.362838
-0.366473
-0.368650
-0.362080
-0.352151
-0.343503
-0.335804
-0.327790
-0.314193
-0.292961
-0.270045
-0.244874
-0.215539
-0.176229
-0.136779
-0.107956
-0.085481
-0.068985
-0.053139
-0.038739
-0.031199
-0.028797
-0.034594
-0.043853
-0.053168
-0.069893
-0.094920
-0.116395
-0.121209
-0.116548
-0.109078
-0.097616
-0.080756
-0.060366
-0.035231
-0.006711
0.021971
0.049240
0.069877
0.085089
0.100482
0.116673
0.124777
0.123753
0.124010
0.123877
0.116856
0.107067
0.101798
0.100185
0.097983
0.093139
0.085627
0.081066
0.074986
0.065369
0.055459
0.043011
0.029016
0.015015
0.003820
-0.003145
-0.004195
0.000796
0.008240
0.010623
0.016810
0.027056
0.040818
0.056946
0.075019
0.096235
0.115451
0.131427
0.145497
0.151629
0.156351
0.159949
0.159261
0.153202
0.132747
0.096425
0.047979
-0.005216
-0.055722
-0.089903
-0.101580
-0.100828
-0.094626
-0.076945
-0.049009
-0.018617
0.005962
0.013716
0.010555
0.008964
0.001305
-0.012930
-0.027960
-0.035061
-0.037677
-0.040529
-0.045154
-0.050643
-0.051161
-0.050530
-0.054038
-0.061156
-0.062424
-0.055525
-0.044275
-0.038865
-0.036734
-0.029084
-0.025131
-0.026068
-0.028186
-0.034047
-0.048336
-0.065904
-0.081807
-0.089945
-0.089514
-0.086510
-0.083187
-0.079470
-0.075516
-0.069551
-0.060007
-0.047642
-0.036685
-0.026032
-0.018414
-0.015467
-0.013506
-0.018314
-0.027012
-0.031045
-0.028860
-0.023786
-0.020846
-0.018666
-0.014982
-0.007641
0.000269
0.007340
0.015371
0.026695
0.037333
0.041393
0.040104
0.034655
0.030950
0.031580
0.033167
0.038231
0.050461
0.062170
0.068378
0.069397
0.064527
0.052386
0.040283
0.033932
0.025931
0.014042
0.000522
-0.011896
-0.028384
-0.044940
-0.057843
-0.070036
-0.078277
-0.088685
-0.095733
-0.095554
-0.094395
-0.092870
-0.090869
-0.088874
-0.085158
-0.081796
-0.082201
-0.087405
-0.092199
-0.092055
-0.088682
-0.083679
-0.079550
-0.070654
-0.058604
-0.050656
-0.041377
-0.026012
-0.017887
-0.016198
-0.013019
-0.011318
-0.009574
-0.001531
0.007036
0.007684
0.006160
0.002390
-0.006266
-0.016178
-0.017675
-0.012785
-0.005691
0.007028
0.020880
0.036513
0.050609
0.063566
0.078116
0.090979
0.098800
0.106033
0.110776
0.112078
0.111241
0.107643
0.101996
0.096543
0.091956
0.090801
0.088538
0.079056
0.066358
0.052997
0.034739
0.016917
0.005580
-0.000347
0.000261
0.004986
0.010640
0.015376
0.016607
0.016280
0.017555
0.021835
0.026982
0.032371
0.034928
0.027583
0.009630
-0.012944
-0.033808
-0.047634
-0.055109
-0.060204
-0.055401
-0.042871
-0.031631
-0.019313
-0.003605
0.007593
0.020146
0.034980
0.041748
0.047936
0.053829
0.064340
0.075321
0.084450
0.098918
0.109941
0.112873
0.111592
0.106462
0.098338
0.087665
0.076338
0.066793
0.059779
0.051853
0.043524
0.039608
0.038311
0.032330
0.025007
0.021027
0.020353
0.021850
0.023301
0.022397
0.018238
0.011841
0.003232
-0.003676
-0.009299
-0.010866
-0.009572
-0.005590
-0.001266
0.000510
-0.000136
-0.002359
-0.004058
-0.007265
-0.010796
-0.012859
-0.019116
-0.026894
-0.030189
-0.035508
-0.040846
-0.045878
-0.050810
-0.050894
-0.049026
-0.045746
-0.038210
-0.029415
-0.024056
-0.021583
-0.018234
-0.008595
0.001322
0.004502
0.002211
-0.002915
-0.011639
-0.018892
-0.020997
-0.019922
-0.014335
-0.006645
-0.002541
-0.004107
-0.008776
-0.012846
-0.014582
-0.010861
0.000758
0.012257
0.022610
0.032597
0.035629
0.031301
0.022996
0.010425
-0.003776
-0.015371
-0.025020
-0.031027
-0.035861
-0.036329
-0.028794
-0.020773
-0.020050
-0.018987
-0.013270
-0.007257
-0.005296
-0.009069
-0.016127
-0.024042
-0.025533
-0.018190
-0.008415
-0.001893
0.009767
0.019775
0.017757
0.012947
0.014009
0.015941
0.015609
0.011600
0.003437
-0.012484
-0.032708
-0.047580
-0.053010
-0.049496
-0.037691
-0.021697
-0.001769
0.016057
0.028305
0.033945
0.037991
0.040778
0.038284
0.033620
0.030376
0.027838
0.023607
0.020248
0.017263
0.009846
0.001185
-0.008534
-0.018380
-0.024500
-0.025137
-0.024803
-0.022887
-0.023427
-0.029041
-0.031662
-0.030672
-0.031989
-0.031626
-0.028089
-0.022357
-0.017965
-0.011572
-0.001646
0.007998
0.010379
0.009255
0.007516
0.002422
-0.007878
-0.018178
-0.025675
-0.030914
-0.034470
-0.037086
-0.036964
-0.039781
-0.044189
-0.044398
-0.039470
-0.030385
-0.017792
-0.010284
-0.006042
-0.002094
-0.000138
-0.001003
-0.004421
-0.007826
-0.005213
0.002927
0.010268
0.014599
0.016724
0.017846
0.020097
0.022500
0.026691
0.032322
0.040079
0.045150
0.047385
0.052288
0.051745
0.046480
0.042910
0.036042
0.027285
0.016339
0.004974
-0.001594
-0.005998
-0.008101
-0.007557
-0.007559
-0.007807
-0.005853
-0.002449
0.001007
0.005632
0.012715
0.022719
0.034421
0.048112
0.061800
0.070546
0.075594
0.078337
0.079375
0.077312
0.074079
0.068572
0.064456
0.061077
0.056979
0.051696
0.042859
0.034957
0.026172
0.018123
0.010658
0.004200
0.000239
0.000552
0.005611
0.010757
0.016152
0.022703
0.024245
0.020386
0.016748
0.013699
0.009942
0.004680
-0.005058
-0.011788
-0.013337
-0.013490
-0.011581
-0.012134
-0.014567
-0.014191
-0.011782
-0.010934
-0.011590
-0.014154
-0.015032
-0.013231
-0.013359
-0.010528
-0.003644
0.000550
0.000147
-0.001102
-0.000959
0.001138
0.000832
-0.000921
-0.000096
0.007443
0.015267
0.018445
0.019567
0.019096
0.017374
0.017737
0.017368
0.015510
0.018160
0.022777
0.024274
0.026295
0.029278
0.029946
0.031741
0.034087
0.034873
0.034517
0.034603
0.032739
0.029515
0.026293
0.024279
0.022330
0.015345
0.009443
0.003132
-0.006005
-0.015667
-0.026625
-0.038102
-0.046710
-0.057906
-0.069828
-0.080146
-0.084953
-0.080525
-0.069181
-0.061662
-0.056556
-0.051318
-0.047579
-0.043553
-0.036906
-0.028670
-0.018486
-0.012288
-0.010630
-0.015313
-0.023515
-0.029494
-0.035033
-0.039221
-0.042706
-0.040763
-0.031888
-0.023683
-0.020240
-0.016427
-0.014847
-0.011393
-0.006834
0.000075
0.007221
0.014034
0.020411
0.027349
0.036161
0.043458
0.046197
0.045936
0.046319
0.043516
0.032272
0.020487
0.010645
0.002699
-0.005596
-0.010461
-0.009916
-0.006983
-0.003650
-0.000652
0.002108
-0.001962
-0.004180
0.000863
0.004706
0.001830
0.001045
0.004045
0.003861
0.000569
-0.004556
-0.010695
-0.017637
-0.023105
-0.025420
-0.027028
-0.027869
-0.025425
-0.023488
-0.022295
-0.022314
-0.020799
-0.018412
-0.015150
-0.011291
-0.006287
-0.002225
0.001157
0.004003
0.006221
0.005594
0.003304
0.002052
-0.002803
-0.007112
-0.007641
-0.008525
-0.009897
-0.010179
-0.007121
-0.005174
-0.003590
0.000057
0.004218
0.005410
0.006023
0.008405
0.012897
0.017921
0.020881
0.020519
0.017919
0.010778
0.004179
0.001200
-0.002534
-0.007715
-0.014339
-0.021913
-0.026279
-0.024236
-0.017143
-0.009881
-0.000967
0.007301
0.013329
0.017872
0.023673
0.028038
0.032370
0.033661
0.032495
0.030367
0.026735
0.026590
0.027459
0.028042
0.028827
0.029183
0.026252
0.021933
0.020947
0.021470
0.017366
0.013132
0.011829
0.016017
0.017180
0.018039
0.018350
0.013771
0.004337
0.000332
-0.000489
-0.000852
-0.002243
-0.005204
-0.009581
-0.015248
-0.018598
-0.022511
-0.028061
-0.033403
-0.028401
-0.020490
-0.018982
-0.017158
-0.015799
-0.014399
-0.011265
-0.009209
-0.005606
-0.002414
0.001225
0.000652
-0.004126
-0.010324
-0.018837
-0.025753
-0.030002
-0.032330
-0.031844
-0.027421
-0.021795
-0.021095
-0.021971
-0.021338
-0.021258
-0.022872
-0.023417
-0.021332
-0.021630
-0.022198
-0.023314
-0.026155
-0.025344
-0.023153
-0.024401
-0.023889
-0.021477
-0.024320
-0.030602
-0.033599
-0.034406
-0.034258
-0.031584
-0.027381
-0.024548
-0.020084
-0.015633
-0.014190
-0.015140
-0.016045
-0.013549
-0.010297
-0.009834
-0.010233
-0.009859
-0.009765
-0.008862
-0.005315
0.000463
0.009524
0.017835
0.026309
0.036771
0.042923
0.047802
0.051312
0.052371
0.051173
0.050082
0.044925
0.038285
0.031339
0.023768
0.014002
0.005523
-0.002442
