0.006320578
0.003827672
0.003806607
0.004646803
0.003105676
0.004081266
0.004761431
0.004712668
0.005585336
0.003069934
-0.001268861
-0.00378761
-0.006268255
-0.006725878
-0.00472698
-0.001233424
0.001014051
0.000993401
-0.000330456
-0.002357761
-0.000881015
0.00386314
0.005227362
0.002606789
-0.001154821
-0.002508887
-0.002598833
-0.002748621
-0.002895012
-0.001764028
0.001865271
0.002681742
0.002931423
-0.001524846
-0.002725969
-0.001306386
-0.002891398
-0.002033188
-0.000675876
-0.000462686
0.000380162
-0.000324014
-0.005973855
-0.009204962
-0.01015504
-0.002164507
0.002933615
0.002273124
0.001387518
-0.001357245
-0.002233065
-0.004429485
0.001699635
0.005237232
0.004800185
0.005831213
-0.002378666
-0.006571494
-0.008375192
-0.00288254
0.006837279
0.006722543
0.001845711
-0.004809718
-0.006538266
0.002630125
0.008665355
0.004443742
0.003463965
-0.000442939
-0.00072041
0.00370867
0.00792382
0.009343419
0.000453123
-0.01128067
-0.01732973
-0.009473896
-0.000769158
0.00778488
0.01755807
0.003304409
-0.01282682
-0.00948294
0.005179117
0.01083074
0.009663922
7.42E-05
-0.01106366
-0.008441458
-0.01157895
-0.0119061
-0.004308633
0.003710338
0.000492209
-0.006623102
-0.01098519
-0.007716435
-0.00210042
-0.002385891
-0.002244772
-0.007572662
-0.004758682
0.006223684
0.004248198
0.001885336
-0.001416722
5.40E-05
-0.00674619
-0.01735487
-0.01806626
-0.01119577
0.006783742
0.01391986
0.006108086
-0.01726255
-0.02283704
-0.0213009
-0.01455234
0.003476593
0.003011098
0.00012127
-0.0124043
-0.02173501
-0.02028108
-0.007410075
0.008006025
0.01356606
0.001793438
-0.02336139
-0.02121573
-0.007966146
0.01238895
0.01771963
-0.001264258
-0.009100376
-0.007852186
-0.00017169
0.003925732
0.006832998
0.003303228
0.000425419
-0.001199648
-0.01053982
-0.005126524
-0.001205315
-0.003241749
-0.003422628
-0.01047915
-0.008683944
5.05E-05
0.00265899
-0.000325008
-0.007866197
-0.015651
-0.009402473
0.00117408
0.002455537
0.007151098
0.00751284
0.007225004
-0.000695331
-0.008142226
-0.01379376
-0.0120889
-0.001552725
0.006966046
0.007992055
-0.003134066
-0.007909513
-0.01231965
-0.01081364
-0.005167292
-0.00827444
-0.00522064
0.005528186
0.002203197
-0.005063947
-0.01276853
-0.01395415
-0.005489404
0.0060824
0.005630583
-0.000894175
-0.005716415
-0.005546638
-0.001541526
-0.006660179
-0.004289858
-0.003065884
-0.005786118
-0.008941759
-0.01580395
-0.01966212
-0.01146273
0.002704802
0.00675406
0.001533685
-0.003136785
-0.007747971
-0.005212915
0.000187443
-1.49E-05
0.000942544
0.002520302
0.002693641
0.001119837
0.002923369
-0.002261002
-0.01329496
-0.02108418
-0.02348463
-0.01129794
0.007221009
0.0141896
0.01221392
0.004849679
-0.007833748
-0.01268244
-0.01154874
-0.000832024
0.01369347
0.01919922
0.02297616
0.02872691
0.03371583
0.03631294
0.03737301
0.0346602
0.02981467
0.0245541
0.01451901
0.01154955
0.01591603
0.01770608
0.01247352
-0.00035284
-0.0140563
-0.0217988
-0.02088856
-0.01798614
-0.01202366
-0.007297312
-0.002225102
0.007598355
0.01570931
0.018243
0.01140706
-0.005053519
-0.02637636
-0.03629041
-0.03229465
-0.01576606
0.00781489
0.01809206
0.01811116
0.009997896
-0.006194723
-0.0183807
-0.02494335
-0.02804097
-0.02333654
-0.008153578
0.005206718
0.008251829
0.009138685
0.01594672
0.02121973
0.02407336
0.03593876
0.04630076
0.0534437
0.06750945
0.08061749
0.09255769
0.1009617
0.09859033
0.08236548
0.06475755
0.06116042
0.06774091
0.08599943
0.1020691
0.1063497
0.1006792
0.07509632
0.0357782
0.01031173
0.005573754
0.01444774
0.02686016
0.02587595
0.01665633
0.01005917
0.01156495
0.02012511
0.03431469
0.04930605
0.05773376
0.05922348
0.0523768
0.02901432
-0.01855475
-0.07057199
-0.09889151
-0.1004401
-0.06279204
-0.02200745
-0.009539028
-0.02135676
-0.05124987
-0.06464444
-0.05772669
-0.03161249
-0.0101678
0.00025582
0.008413048
0.008880538
0.01375038
0.02042568
0.03155331
0.05137444
0.07015928
0.07462847
0.05492165
0.009221193
-0.0424809
-0.05673469
-0.03991312
-0.01679506
-0.009384959
-0.03389981
-0.0691848
-0.09293866
-0.09948915
-0.09499405
-0.08150048
-0.06543238
-0.05636758
-0.05581873
-0.07042399
-0.09779043
-0.1166449
-0.1167631
-0.0859476
-0.03631924
-0.005808712
-0.007200692
-0.02632942
-0.04784289
-0.04839533
-0.02634047
-0.000677847
0.01496025
0.01861846
0.01295186
-0.004545699
-0.0143657
-0.01314722
-0.0068471
0.00106567
0.006843601
0.01174537
0.01720102
0.02429686
0.03209344
0.03741451
0.03490608
0.03193051
0.03459351
0.04520233
0.05881099
0.06472988
0.05752036
0.03673774
0.01607446
-0.00316998
-0.01367709
-0.009714463
-0.002861142
0.00494895
0.01663607
0.02259693
0.02135355
0.008417912
-0.01124563
-0.01894558
-0.0178521
-0.008303837
0.007770401
0.02097437
0.02320519
0.02295436
0.01797991
0.008844901
0.01002821
0.01380744
0.01840675
0.01539278
0.00892511
0.00369062
0.000645057
0.005691161
0.00757833
0.008689284
0.005799804
0.006375269
0.01229962
0.02423993
0.03998077
0.04199955
0.03922535
0.02556062
0.003822589
-0.006718898
-0.009817444
-0.002503828
0.01281169
0.01800065
0.01669629
0.005018528
-0.01312603
-0.02238231
-0.02165584
-0.01071511
0.001001851
0.01915909
0.03270797
0.03936572
0.0424494
0.03506787
0.02082072
-0.003442832
-0.02876311
-0.0501931
-0.06176073
-0.06072931
-0.05919299
-0.05941416
-0.05923445
-0.05897316
-0.0536037
-0.04706329
-0.03857061
-0.02887943
-0.0217148
-0.02026319
-0.01864023
-0.01481714
-0.01301875
-0.008961072
-0.006760819
-0.005241933
-0.004835875
-0.003359844
-0.001394223
-0.004381728
-0.01142272
-0.01809347
-0.02296697
-0.02595146
-0.02576578
-0.02793633
-0.03318625
-0.03757225
-0.03465914
-0.02211316
-0.005083268
0.01429261
0.02265452
0.02523404
0.02191387
0.006880006
-0.01161269
-0.03753507
-0.05082477
-0.05251505
-0.04848007
-0.03120754
-0.02133819
-0.01311003
-0.007568565
-0.008720353
-0.01096661
-0.0140248
-0.01808261
-0.02013409
-0.01502927
-0.01057114
-0.0112987
-0.01669481
-0.02479395
-0.03160994
-0.02613595
-0.01394733
-0.002198344
0.007765629
0.01002655
0.01061771
0.008139676
0.004619186
0.000239841
-0.00053382
0.001684162
0.001015528
0.005104157
0.009322309
0.02411071
0.03691519
0.03427582
0.01937707
0.005924659
0.001593069
0.004410641
0.010227
0.01025177
0.008231432
0.002060693
0.005623796
0.00640228
0.001222927
-0.01034674
-0.02776103
-0.02469273
-0.01023409
0.01521298
0.03706352
0.04023578
0.04214426
0.0455868
0.04742893
0.04490341
0.04745033
0.04580911
0.04950655
0.05453813
0.04604653
0.02876862
0.004678122
-0.001139099
-0.001033202
0.006124956
0.007180432
-0.001449011
-0.000822995
-0.00052544
0.01713658
0.03480163
0.04852946
0.05515501
0.04263514
0.01842197
-0.01584842
-0.03371621
-0.03609023
-0.02235948
-0.0131902
-0.02359474
-0.04245918
-0.05979977
-0.06735857
-0.06471637
-0.05299518
-0.04160143
-0.03475282
-0.02436892
-0.01418393
-0.008860291
-0.003986489
-0.006054831
-0.007020576
-0.009096103
-0.01004353
-0.01110829
-0.02039732
-0.03246281
-0.04426109
-0.04549322
-0.0431319
-0.03666612
-0.02071132
-0.009859588
0.001868298
0.0055759
0.007166979
0.000190037
-0.00263961
0.01297232
0.02138507
0.03772829
0.05547706
0.05486477
0.04363631
0.02592368
0.01268169
0.00979982
0.009346544
0.02693195
0.03489872
0.02844165
0.02174588
-0.001947187
-0.01705698
-0.0186875
-0.007832224
0.01435829
0.01922102
0.01324725
0.004988654
-0.005152884
-0.005281106
-0.007003612
-0.01647304
-0.02697575
-0.03196437
-0.03321675
-0.03149789
-0.0290314
-0.02379868
-0.01685239
-0.004581729
0.01835505
0.03298187
0.03178745
0.01326727
-0.01466446
-0.03099473
-0.02244111
0.004052247
0.0260331
0.02590034
0.0170802
0.009913468
0.01177881
0.01526082
0.01975772
0.01981046
0.009668265
0.00019721
-0.007632687
-0.006699787
-0.00160327
0.006637882
0.01857447
0.0261077
0.02781365
0.02622394
0.02429354
0.0194092
0.01852731
0.01588489
0.004931471
-0.004339985
-0.01786283
-0.02874491
-0.03893545
-0.04487874
-0.04317816
-0.03074518
-0.009331114
0.007965189
0.01744826
0.01952001
0.01684362
0.008659216
0.008304305
0.01848598
0.03677662
0.05951954
0.07322932
0.0755875
0.06521606
0.04409176
0.01689129
0.003156838
0.009757086
0.02721113
0.03627158
0.03101834
0.0114045
-0.006580418
-0.01424296
-0.01739815
-0.01718633
-0.0234546
-0.03005336
-0.03235489
-0.03021026
-0.02665602
-0.02274582
-0.01770547
-0.01433692
-0.0157624
-0.018621
-0.0151648
-0.001985983
0.01114386
0.01287517
0.00891691
0.002629965
-0.001364039
-0.001554485
-0.00380433
-0.004223298
-0.004273044
-0.003693471
-0.001213659
-0.004175566
-0.007068135
-0.008274663
-0.01518199
-0.01830616
-0.01490847
-0.005285735
0.005529357
0.01526833
0.0211884
0.02478388
0.02454311
0.0264943
0.02851076
0.03066999
0.03154503
0.03002406
0.02289614
0.008072303
0.000250743
-0.000833736
0.005119765
0.01099471
0.01553038
0.01889404
0.02176911
0.01960943
0.01639711
0.01126002
0.001745073
-0.005726831
-0.01228177
-0.01784427
-0.02084557
-0.02433445
-0.02497856
-0.02074199
-0.01958075
-0.01989953
-0.02121998
-0.01784436
-0.008773074
-0.004784469
-0.004658624
-0.008658695
-0.01151638
-0.01034407
-0.01213997
-0.01612583
-0.02571353
-0.03710769
-0.04188614
-0.04172984
-0.03856252
-0.02784518
-0.01842223
-0.01676456
-0.01621871
-0.01805252
-0.0190367
-0.01834809
-0.01784004
-0.0148228
-0.01138127
-0.007768379
-0.01217067
-0.01995632
-0.02669953
-0.02724117
-0.02256348
-0.01705144
-0.01157308
-0.006613917
0.001933593
0.008248309
0.01237919
0.01327054
0.009705494
0.004344214
-0.000549921
-0.005909189
-0.006443872
-0.002377349
0.002449061
0.002132618
-0.00986896
-0.02098009
-0.02197691
-0.01589495
-0.009400919
-0.006346343
-0.007957259
-0.01120325
-0.01007345
-0.007498323
-0.00281793
-0.000375431
-0.002440322
-0.01241941
-0.0222455
-0.01998155
-0.008201011
0.004192535
0.009390991
0.009664875
0.008188427
0.01394785
0.02331092
0.02616434
0.02531718
0.02288289
0.0189084
0.01504508
0.008430801
-0.001231248
-0.009253148
-0.01467406
-0.01960027
-0.02077597
-0.02001367
-0.01438495
-0.002093618
0.01020587
0.01705855
0.01767902
0.01347692
0.01001227
0.01375085
0.02569532
0.04366186
0.05334906
0.05527302
0.05240706
0.0402958
0.02019998
0.005383664
0.005823483
0.02545459
0.05615372
0.07357957
0.079611
0.08174601
0.08603832
0.08851094
0.08509612
0.06062644
0.02132699
-0.009960381
-0.02570195
-0.02371897
-0.01711641
-0.01391762
-0.01522927
-0.01213043
0.004507865
0.02446116
0.03407062
0.03501314
0.03050376
0.0191879
0.000991129
-0.0176106
-0.03946816
-0.05461618
-0.05888488
-0.05982636
-0.04840135
-0.02995059
-0.01475873
-0.000530787
0.003368637
0.001417335
-0.000578851
-0.001158263
-0.0010145
-0.005850381
-0.01567917
-0.02869444
-0.03424433
-0.02747263
-0.01781536
-0.01431073
-0.02007892
-0.02441095
-0.01905605
0.00137444
0.03416937
0.05861866
0.0658942
0.05399375
0.02442586
0.001476756
-0.007622792
-0.000929684
0.01493832
0.02106634
0.01601721
0.005025539
-0.001472007
0.003946085
0.0242011
0.03870534
0.0352943
0.02558375
0.01778263
0.0118583
0.007342601
0.001044956
-0.007217211
-0.0106711
-0.006794249
-0.003619161
-0.002368814
-0.005061788
-0.01071378
-0.0150357
-0.01103952
-0.001567975
0.000282126
-0.004931273
-0.008396394
-0.000896514
0.007776365
0.009541804
-0.002181237
-0.01562808
-0.01940328
-0.01832124
-0.01962294
-0.02638572
-0.0325263
-0.03186655
-0.02263674
-0.0134457
-0.009402604
-0.01061964
-0.01192745
-0.009668333
-0.006390228
-0.005915081
-0.01122843
-0.02099408
-0.03053431
-0.0343554
-0.03556937
-0.03746061
-0.04039124
-0.04236305
-0.03868713
-0.0305426
-0.02317121
-0.02149449
-0.02201484
-0.01758411
-0.007975851
-0.002836215
-0.005627076
-0.009016675
-0.00636481
0.003845257
0.01141148
0.01706114
0.02306575
0.02673968
0.02657942
0.02115494
0.01584981
0.01327421
0.01202562
0.01375749
0.01485491
0.01019647
0.002974787
-0.002983116
-0.002959737
0.006872986
0.01637319
0.0174482
0.01052336
0.004498165
0.003528092
0.003451542
0.001821537
-0.001182402
-0.003017417
-0.001780188
0.004353047
0.0144245
0.02456329
0.02813736
0.02513346
0.014349
0.002719985
-0.005462443
-0.008423486
-0.008129704
-0.009239433
-0.01019411
-0.01216574
-0.01317141
-0.01107934
-0.006483159
-0.002325575
-0.001501343
-0.003280146
-0.005899422
-0.006809171
-0.007776034
-0.01067273
-0.0162357
-0.02480053
-0.02964744
-0.02836721
-0.02468385
-0.01969387
-0.01567899
-0.01234547
-0.009493391
-0.006403637
-0.001684936
0.002973592
0.009007087
0.01481517
0.01796616
0.01869466
0.01712612
0.01302494
0.006964342
0.003433351
0.004746348
0.01077584
0.01858319
0.02288787
0.0220997
0.01910629
0.01429934
0.0104563
0.01019347
0.01201245
0.01432412
0.01551787
0.01390662
0.008128693
0.00227529
-0.000939366
-0.000741093
0.00076483
0.002210582
0.002130423
0.001291393
0.000569671
-0.0013179
-0.004684462
-0.009497375
-0.01027516
-0.01039605
-0.01018238
-0.01125491
-0.0150743
-0.02002179
-0.02451028
-0.02563174
-0.02714486
-0.02840298
-0.02872677
-0.02719618
-0.02279428
-0.01888912
-0.01893441
-0.02017003
-0.01896171
-0.01591432
-0.01008335
-0.005399869
-0.003438753
-0.002518028
-0.000958771
0.005892255
0.01344506
0.01602026
0.01275088
0.005984949
0.001080529
0.000395861
0.007076621
0.01354524
0.01524434
0.01497383
0.01124962
0.007949735
0.007660904
0.01101246
0.01213431
0.01121515
0.008711944
0.005045948
0.003899363
0.002521249
0.000568887
-0.002584004
-0.004578164
-0.003864212
-0.000221829
0.004418126
0.009538512
0.01217521
0.01280966
0.013489
0.01410307
0.01456007
0.01438061
0.01429603
0.01106373
0.006769615
0.00135658
-0.001865485
-0.003053657
-0.002325238
-3.93E-05
0.001399097
0.001923553
0.00175544
0.00154246
-0.000705408
-0.003483664
-0.004937948
-0.0034179
7.99E-05
0.003906234
0.006658478
0.008712037
0.01089413
0.01356378
0.01527976
0.01636845
0.01538552
0.01396096
0.01466413
0.01793872
0.02096342
0.02073842
0.01731268
0.0141399
0.01245736
0.01321467
0.0166087
0.02211006
0.02500532
0.02381245
0.01953408
0.01463454
0.01140171
0.008944078
0.007408542
0.008801439
0.009961789
0.008366111
0.005258806
-0.002236526
-0.007360345
-0.0118181
-0.01308833
-0.01103233
-0.01140085
-0.01340239
-0.01406159
-0.01401698
-0.01252804
-0.007806707
-0.002102079
0.003428142
0.008508556
0.01398577
0.0155982
0.01319695
0.008949519
0.002324475
-0.002065735
-0.005573631
-0.007966654
-0.009186667
-0.01192238
-0.01611771
-0.019445
-0.02112804
-0.02375151
-0.02414627
-0.02506222
-0.02640555
-0.02668909
-0.0283639
-0.02942567
-0.0304762
-0.03202448
-0.03286896
-0.03232724
-0.03206703
-0.03041144
-0.02738292
-0.02459001
-0.02185829
-0.02088095
-0.02124388
-0.02218922
-0.02037953
-0.01608408
-0.0106299
-0.004416825
0.00118018
0.006050957
0.007570028
0.005337551
0.001673006
-0.000317706
0.001029035
0.003217288
0.005230113
0.004586871
0.002166802
0.000767765
-0.00155742
-0.003092092
-0.005658991
-0.008375819
-0.008021414
-0.005524997
-0.003989407
-0.003627825
-0.003393731
0.000833675
0.007969113
0.01326652
0.01621693
0.01647046
0.01704531
0.01704999
0.0173821
0.0192891
0.02123692
0.01991769
0.01605357
0.01060335
0.003339602
-0.000662183
-0.003230855
-0.006374797
-0.009909385
-0.01305535
-0.01304847
-0.009840822
-0.005392845
-0.002709455
-0.002450594
-0.002270261
0.002850963
0.01135758
0.0194562
0.02381451
0.02257709
0.01971892
0.01772061
0.01772049
0.01884443
0.01840778
0.01662677
0.01448368
0.01323922
0.01315043
0.01499659
0.01559939
0.01509856
0.01211913
0.007255778
0.001443837
-0.001679375
-0.003384776
-0.005220726
-0.008002205
-0.01320516
-0.01630485
-0.01621194
-0.01275301
-0.008609665
-0.00486614
-0.002854566
-0.00263716
-0.002842026
-0.00198506
0.000225455
0.003815021
0.006531477
0.006443962
0.004827479
0.002024745
-0.001327759
-0.005420772
-0.008947678
-0.009118773
-0.007882257
-0.005911332
-0.004237216
-0.003336252
-0.003625618
-0.002037155
-0.000378303
0.00098884
0.000530191
-0.001130008
-0.001379538
-0.001011959
-0.001332871
-0.002523832
-0.001473846
-0.000658451
0.001548233
0.003148026
0.004040969
0.004024079
0.001731579
-0.000326313
0.000741084
0.002978429
0.005595222
0.006513724
0.004761874
0.002939653
0.00339102
0.005842615
0.005699338
0.005469369
0.003431968
0.001595515
0.00024561
0.000767413
0.002548923
0.003075841
0.002370607
0.00199484
0.000571541
-0.000134691
0.000875744
0.001365987
0.002095937
0.003314474
0.006101778
0.007436609
0.008497068
0.008834352
0.01057006
0.009262102
0.008518208
0.00822822
0.004821118
0.002267763
0.000459015
-0.002355448
-0.004181524
-0.005564914
-0.006710637
-0.006357974
-0.006325587
-0.006671612
-0.005995592
-0.004019066
-0.000701235
0.002122923
0.001875865
0.000791394
-0.000276752
-0.000621713
-0.000695349
-0.0028202
-0.005741664
-0.006887305
-0.006685521
-0.00469567
-0.003817616
-0.003800437
-0.003929113
-0.003133664
-0.001685412
-0.000205534
0.001835347
0.003682434
0.005830424
0.005557959
0.003355657
0.001473639
-0.002465713
-0.006585604
-0.01066367
-0.01530579
-0.01564555
-0.01720217
-0.01728385
-0.01598242
-0.01605901
-0.01613151
-0.01629785
-0.01859395
-0.01843082
-0.01807899
-0.01831773
-0.0181444
-0.01878094
-0.01761412
-0.01549768
-0.01316091
-0.01235517
-0.01026626
-0.009628805
-0.00536423
-0.001726954
8.76E-05
0.001468624
0.000247645
0.001621549
0.002589493
0.004214319
0.005234287
0.005319934
0.006213425
0.007914757
0.007079349
0.006216402
0.007040537
0.006242871
0.005268746
0.005572683
0.00744232
0.009451698
0.01292681
0.01626525
0.01734031
0.01783295
0.01624682
0.01430982
0.01452196
0.0137753
0.01089684
0.007034071
0.003977107
0.002791843
0.004182078
0.004196332
0.000477385
-0.004529823
-0.008132493
-0.01082533
-0.01269909
-0.0128562
-0.01424344
-0.01511252
-0.01644263
-0.01629477
-0.01576238
-0.01572671
-0.01468636
-0.01403769
-0.01307791
-0.01351453
-0.01245378
-0.0110034
-0.009350036
-0.009278696
-0.01136976
-0.01346592
-0.01473182
-0.01443098
-0.01065094
-0.005132822
-0.001306884
0.001237931
0.002803543
0.003441971
0.003394956
0.003305096
0.003945553
0.004395266
0.004741956
0.00506008
0.002990382
0.002488418
0.00261987
0.004045698
0.005309342
0.00466864
0.004182974
0.004658144
0.004431548
0.004435467
0.004259861
0.00338963
0.004740955
0.005100833
0.005990086
0.005568634
0.005152275
0.007246132
0.008259803
0.009813047
0.008662265
0.004943118
0.001115844
-0.000234876
0.001545798
0.002669585
0.003583245
0.004836558
0.003704086
0.004078146
0.004507279
0.004583486
0.005449165
0.004978638
0.003834902
0.00186496
0.00132505
0.000797372
0.002098546
0.001508633
0.000912593
-0.000525976
-0.001702413
-0.001937398
-0.001543051
0.000433308
0.001191778
0.0015555
0.000800273
-0.000381322
0.000879974
0.002997041
0.003949259
0.004945327
0.004868347
0.006652858
0.009493059
0.01064311
0.01109649
0.01050743
0.01063337
0.01074401
0.01020693
0.009272042
0.007934245
0.007990779
0.008197243
0.007702957
0.00789104
0.007983232
0.009812475
0.01027797
0.008552487
0.008080576
0.006484615
0.006396203
0.00514294
0.004688326
0.003803261
0.002284764
0.001885196
-0.000413623
-0.001121254
-0.001190377
-0.002616112
-0.003700157
-0.004084496
-0.004179166
-0.004826689
-0.005227383
-0.006747029
-0.007475169
-0.006938521
-0.007234205
-0.005675541
-0.00404447
-0.003167192
-0.003176307
-0.002904934
-0.003271075
-0.005341649
-0.006919576
-0.007413256
-0.00902895
-0.0100959
-0.01044682
-0.009890974
-0.007469559
-0.00522564
-0.003138815
-0.001973064
-0.000569667
0.000983656
0.002922525
0.004403399
0.00402582
0.003561526
0.001998678
0.001514975
0.001981897
0.002001026
0.000971579
-0.000662742
0.000436521
0.00125425
0.002289223
0.003475141
0.003387065
0.003981353
0.003613766
0.003656204
0.004052566
0.005902412
0.006223263
0.004340898
0.002835917
0.001073881
0.001355909
0.002971061
0.003929317
0.003893056
0.003900641
0.001982448
0.000674199
-0.000184246
-0.001734268
-0.002412206
-0.003579761
-0.003077592
-0.00310074
-0.003158584
-0.002711546
-0.002766365
-0.00356274
-0.003663493
-0.003821382
-0.005177789
-0.005179652
-0.005264153
-0.005243611
-0.005873847
-0.00488332
-0.00493831
-0.005531878
-0.005359444
-0.005592987
-0.004679048
-0.002847126
-0.001592542
-0.002522817
-0.002666689
-0.00217614
-0.003146248
-0.003039254
-0.002530399
-0.002443841
-0.002225722
-0.002341161
-0.001382558
-0.001235894
-0.001649228
-0.000763101
-0.001105072
-0.001997862
-0.001543251
-0.001678218
-0.001540864
0.000704812
0.000600388
0.001994326
0.002660985
0.003247045
0.001846126
0.001214268
0.003298651
0.003364434
0.004313519
0.004353765
0.005437451
0.005628618
0.004596786
0.002737715
0.002496343
0.002688453
0.003058023
0.003829455
0.005686146
0.005987317
0.00657611
0.005996983
0.003882736
0.003335189
0.003595464
0.002200257
0.000377652
0.000408366
0.000259541
0.000303476
0.000377992
0.000807447
0.000379063
0.000969638
0.002356814
0.00387759
0.006271465
0.006757921
0.006625217
0.006241574
0.005475409
0.006798185
0.004829401
0.003162517
0.002471752
0.002081868
0.003454523
0.003920379
0.004022074
0.003647409
0.004012224
0.003699739
0.003831954
0.004013108
0.003592442
0.003969397
0.00429227
0.003785864
0.004051577
0.001940671
0.000547824
0.000722697
-0.00047333
-0.000926817
-0.001937245
-0.001288153
-0.00196814
-0.002330928
9.26E-06
0.000347175
0.000575927
0.000311998
0.00014495
-0.001660239
-0.001720229
1.19E-05
0.001720554
0.003579124
0.003905635
0.004176026
0.003978217
0.006472168
0.009662758
0.01270645
0.01108872
0.008368353
0.006673063
0.006859655
0.009551346
0.0107222
0.01093219
0.01026292
0.007724995
0.006613008
0.004875741
0.001246355
-0.002254531
-0.004897616
-0.003092501
-0.001899405
-0.00383263
-0.006640011
-0.009705472
-0.01076564
-0.01064976
-0.01063488
-0.01255598
-0.01351218
-0.01330457
-0.01315411
-0.01055567
-0.01044196
-0.01166652
-0.01272278
-0.0113423
-0.007867769
-0.004712518
-0.002495685
0.000840069
0.003982005
0.004971722
0.005401441
0.004265441
0.002060464
0.000611288
0.000744114
0.001575622
0.001771652
0.001770805
0.001787279
0.002043435
0.000334035
-0.001495744
-0.00317662
-0.004625974
-0.003241785
-0.001709713
-0.001106879
-0.001074241
-0.001508782
-0.001132439
-0.001896472
-0.001874103
-0.00172833
0.000448247
0.004462846
0.00615693
0.006170036
0.004280827
0.002708822
0.00169678
0.000481743
-0.000586431
0.00025584
0.002580156
0.004990135
0.00549576
0.005017068
0.002297423
-0.000434479
-0.000816315
-0.000863606
-0.000847672
-0.000549213
-0.001220787
-0.000805057
-0.001632721
-0.003653799
-0.003730771
-0.003787357
-0.004321317
-0.00461457
-0.003914358
-0.003750678
-0.003911371
-0.006323218
-0.007210179
-0.009179371
-0.009361538
-0.008212614
-0.006986185
-0.004591869
-0.003130863
-0.000952811
-0.00014463
0.001196999
0.001660397
0.001550543
0.001653858
0.001474622
0.001917574
0.003239756
0.004382407
0.004795748
0.005624218
0.005301098
0.004518969
0.005965529
0.00548326
0.005225381
0.003678213
0.002200396
0.002191369
0.001381634
0.00229161
0.002341718
0.001683938
0.001647329
0.000345912
-0.001782732
-0.001734704
-0.002337443
-0.00257401
-0.002469903
-0.003883563
-0.004839249
-0.005064623
-0.006541542
-0.007047427
-0.007584937
-0.006998414
-0.004474916
-0.002959184
-0.001794336
-0.003993453
-0.005020594
-0.005308239
-0.004330069
-0.002239083
-0.0003827
0.000941239
0.001128895
0.001143148
0.001833658
0.002111066
0.002337471
0.001908016
-0.000474743
0.000176997
-0.001309185
-0.002733146
-0.00465997
-0.007868934
-0.009394898
-0.008788043
-0.007397826
-0.007532511
-0.008085394
-0.008792296
-0.008827018
-0.007482697
-0.006571876
-0.006849352
-0.006690266
-0.006914697
-0.006707666
-0.005518373
-0.004037355
-0.003918034
-0.003863989
-0.002177941
-0.001266068
-0.00211675
-0.002504348
-0.0015486
0.000527114
0.001235013
9.57E-05
-0.00052851
-0.000674331
0.000675174
0.002762147
0.004947047
0.007064635
0.008123472
0.006187597
0.004496531
0.002946233
0.004173405
0.005014008
0.006790979
0.008352743
0.007841877
0.0084214
0.005912376
0.003192224
0.000184443
-0.001119925
-0.0012166
-0.001226562
-0.001300771
-0.002608146
-0.001338987
-0.001122454
0.001061674
0.002813338
0.005275956
0.007972172
0.008085762
0.007060029
0.003322134
-0.000461644
-0.003376365
-0.003799208
-0.004814536
-0.006692366
-0.00955341
-0.01014258
-0.009853954
-0.009147759
-0.006543003
-0.00437517
-0.003525731
-0.003435839
-0.001860734
0.000262176
0.001932284
0.002378293
0.001361679
0.002104053
0.00266765
0.00384268
0.005723395
0.005517368
0.00423315
0.002755944
0.001036502
-0.001702181
-0.002834954
-0.000647026
0.001642862
0.002925287
0.002826381
0.001490847
-0.001540315
-0.001765779
0.000296637
0.000335593
0.000452427
-0.000612674
-0.001770758
-0.001887926
-0.001655528
-0.000546914
0.000959219
0.00239737
0.004487235
0.005594194
0.006733846
0.007517262
0.00690349
0.005633135
0.004804082
0.004845944
0.004547368
0.004542847
0.004335732
0.004254682
0.003613965
0.002587296
0.003235255
0.003971047
0.003256639
0.001987022
0.001197849
0.00265182
0.003110243
0.001427825
0.001064253
0.000926451
0.001126345
0.000941713
0.000608974
0.000638953
0.000473538
0.000472446
5.53E-05
-0.000213475
-0.000552329
-0.001317345
-0.000931326
-0.001209581
-0.001456891
-0.001286278
-0.001987204
-0.001905593
-0.001357743
-0.001855466
-0.002704841
-0.002648413
-0.002551784
-0.002485367
-0.002390912
-0.002405076
-0.003053871
-0.003337997
-0.003101603
-0.003051957
-0.002208874
-0.001668505
-0.001633281
-0.001528951
-0.001424953
-0.001354818
-0.001186025
-0.000725237
-0.000349261
-0.000125723
5.21E-05
0.000421431
0.000418181
0.000467095
0.000305011
-9.42E-05
-0.000372138
-0.000417719
-0.000569086
-0.000652948
-0.000579826
-0.000590818
-0.000594252
-0.001004746
-0.00092135
-0.000508215
-0.000301466
-8.11E-05
-0.000218666
-0.000445254
-0.000411136
-0.00042643
-0.000461656
-0.000462146
-0.000392274
-0.000327389
-0.000288633
-3.98E-05
1.83E-05
-6.43E-05
-2.02E-05
-5.08E-05
0.000164257
5.44E-05
-0.000136996
-0.000122443
-0.00013756
-0.000154216
-7.70E-05
3.07E-05
-1.00E-04
-0.000154969
-0.000164654
-0.000278274
-0.000271528
-0.00026725
-0.000315043
-0.000258424
-0.000219866
-0.0002429
-0.000185503
-0.000110898
-3.52E-05
8.71E-05
0.000144319
0.000140219
0.000153778
0.000230936
0.0003119
0.000356651
0.000390977
0.000386489
0.000397726
0.00042989
0.000455549
0.000492347
0.000520774
0.000546585
0.00057006
0.000581933
0.000597265
0.000611615
0.000621185
0.000628281
0.000634744
0.000633378
0.00063479
0.000641306
0.000640284
0.000635243
0.000625343
0.00061702
0.000608884
0.000595911
0.000581989
0.000570412
0.000558892
0.000550659
0.000541122
0.000527249
0.000511274
0.000494319
0.00047579
0.000456333
0.000436414
0.000416304
0.000395737
0.000375008
0.000353601
0.000331958
0.000310363
0.000288158
0.000265824
0.00024313
0.000219829
0.000196203
0.000172214
0.000147878
0.000123271