0
0.125333
0.24869
0.368125
0.481754
0.587785
0.684547
0.770513
0.844328
0.904827
0.951057
0.982287
0.998027
0.998027
0.982287
0.951057
0.904827
0.844328
0.770513
0.684547
0.587785
0.481754
0.368125
0.24869
0.125333
1.22465e-16
-0.125333
-0.24869
-0.368125
-0.481754
-0.587785
-0.684547
-0.770513
-0.844328
-0.904827
-0.951057
-0.982287
-0.998027
-0.998027
-0.982287
-0.951057
-0.904827
-0.844328
-0.770513
-0.684547
-0.587785
-0.481754
-0.368125
-0.24869
-0.125333
-2.44929e-16
0.125333
0.24869
0.368125
0.481754
0.587785
0.684547
0.770513
0.844328
0.904827
0.951057
0.982287
0.998027
0.998027
0.982287
0.951057
0.904827
0.844328
0.770513
0.684547
0.587785
0.481754
0.368125
0.24869
0.125333
3.67394e-16
-0.125333
-0.24869
-0.368125
-0.481754
-0.587785
-0.684547
-0.770513
-0.844328
-0.904827
-0.951057
-0.982287
-0.998027
-0.998027
-0.982287
-0.951057
-0.904827
-0.844328
-0.770513
-0.684547
-0.587785
-0.481754
-0.368125
-0.24869
-0.125333
-4.89859e-16
0.125333
0.24869
0.368125
0.481754
0.587785
0.684547
0.770513
0.844328
0.904827
0.951057
0.982287
0.998027
0.998027
0.982287
0.951057
0.904827
0.844328
0.770513
0.684547
0.587785
0.481754
0.368125
0.24869
0.125333
2.38868e-15
-0.125333
-0.24869
-0.368125
-0.481754
-0.587785
-0.684547
-0.770513
-0.844328
-0.904827
-0.951057
-0.982287
-0.998027
-0.998027
-0.982287
-0.951057
-0.904827
-0.844328
-0.770513
-0.684547
-0.587785
-0.481754
-0.368125
-0.24869
-0.125333
-7.34788e-16
0.125333
0.24869
0.368125
0.481754
0.587785
0.684547
0.770513
0.844328
0.904827
0.951057
0.982287
0.998027
0.998027
0.982287
0.951057
0.904827
0.844328
0.770513
0.684547
0.587785
0.481754
0.368125
0.24869
0.125333
4.40997e-15
-0.125333
-0.24869
-0.368125
-0.481754
-0.587785
-0.684547
-0.770513
-0.844328
-0.904827
-0.951057
-0.982287
-0.998027
-0.998027
-0.982287
-0.951057
-0.904827
-0.844328
-0.770513
-0.684547
-0.587785
-0.481754
-0.368125
-0.24869
-0.125333
-9.79717e-16
0.125333
0.24869
0.368125
0.481754
0.587785
0.684547
0.770513
0.844328
0.904827
0.951057
0.982287
0.998027
0.998027
0.982287
0.951057
0.904827
0.844328
0.770513
0.684547
0.587785
0.481754
0.368125
0.24869
0.125333
1.10218e-15
-0.125333
-0.24869
-0.368125
-0.481754
-0.587785
-0.684547
-0.770513
-0.844328
-0.904827
-0.951057
-0.982287
-0.998027
-0.998027
-0.982287
-0.951057
-0.904827
-0.844328
-0.770513
-0.684547
-0.587785
-0.481754
-0.368125
-0.24869
-0.125333
-4.77736e-15
0.125333
0.24869
0.368125
0.481754
0.587785
0.684547
0.770513
0.844328
0.904827
0.951057
0.982287
0.998027
0.998027
0.982287
0.951057
0.904827
0.844328
0.770513
0.684547
0.587785
0.481754
0.368125
0.24869
0.125333
-2.2056e-15
-0.125333
-0.24869
-0.368125
-0.481754
-0.587785
-0.684547
-0.770513
-0.844328
-0.904827
-0.951057
-0.982287
-0.998027
-0.998027
-0.982287
-0.951057
-0.904827
-0.844328
-0.770513
-0.684547
-0.587785
-0.481754
-0.368125
-0.24869
-0.125333
-1.46958e-15
0.125333
0.24869
0.368125
0.481754
0.587785
0.684547
0.770513
0.844328
0.904827
0.951057
0.982287
0.998027
0.998027
0.982287
0.951057
0.904827
0.844328
0.770513
0.684547
0.587785
0.481754
0.368125
0.24869
0.125333
5.14475e-15
-0.125333
-0.24869
-0.368125
-0.481754
-0.587785
-0.684547
-0.770513
-0.844328
-0.904827
-0.951057
-0.982287
-0.998027
-0.998027
-0.982287
-0.951057
-0.904827
-0.844328
-0.770513
-0.684547
-0.587785
-0.481754
-0.368125
-0.24869
-0.125333
-8.81993e-15
0.125333
0.24869
0.368125
0.481754
0.587785
0.684547
0.770513
0.844328
0.904827
0.951057
0.982287
0.998027
0.998027
0.982287
0.951057
0.904827
0.844328
0.770513
0.684547
0.587785
0.481754
0.368125
0.24869
0.125333
5.38968e-15
-0.125333
-0.24869
-0.368125
-0.481754
-0.587785
-0.684547
-0.770513
-0.844328
-0.904827
-0.951057
-0.982287
-0.998027
-0.998027
-0.982287
-0.951057
-0.904827
-0.844328
-0.770513
-0.684547
-0.587785
-0.481754
-0.368125
-0.24869
-0.125333
-1.95943e-15
0.125333
0.24869
0.368125
0.481754
0.587785
0.684547
0.770513
0.844328
0.904827
0.951057
0.982287
0.998027
0.998027
0.982287
0.951057
0.904827
0.844328
0.770513
0.684547
0.587785
0.481754
0.368125
0.24869
0.125333
5.63461e-15
-0.125333
-0.24869
-0.368125
-0.481754
-0.587785
-0.684547
-0.770513
-0.844328
-0.904827
-0.951057
-0.982287
-0.998027
-0.998027
-0.982287
-0.951057
-0.904827
-0.844328
-0.770513
-0.684547
-0.587785
-0.481754
-0.368125
-0.24869
-0.125333
-2.20436e-15
0.125333
0.24869
0.368125
0.481754
0.587785
0.684547
0.770513
0.844328
0.904827
0.951057
0.982287
0.998027
0.998027
0.982287
0.951057
0.904827
0.844328
0.770513
0.684547
0.587785
0.481754
0.368125
0.24869
0.125333
-1.22588e-15
-0.125333
-0.24869
-0.368125
-0.481754
-0.587785
-0.684547
-0.770513
-0.844328
-0.904827
-0.951057
-0.982287
-0.998027
-0.998027
-0.982287
-0.951057
-0.904827
-0.844328
-0.770513
-0.684547
-0.587785
-0.481754
-0.368125
-0.24869
-0.125333
-9.55472e-15
