0
0.125333
0.24869
0.368125
0.481754
0.587785
0.684547
0.770513
0.844328
0.904827
0.951057
0.982287
0.998027
0.998027
0.982287
0.951057
0.904827
0.844328
0.770513
0.684547
0.587785
0.481754
0.368125
0.24869
0.125333
1.22465e-16
-0.125333
-0.24869
-0.368125
-0.481754
-0.587785
-0.684547
-0.770513
-0.844328
-0.904827
-0.951057
-0.982287
-0.998027
-0.998027
-0.982287
-0.951057
-0.904827
-0.844328
-0.770513
-0.684547
-0.587785
-0.481754
-0.368125
-0.24869
-0.125333
-2.44929e-16
0.125333
0.24869
0.368125
0.481754
0.587785
0.684547
0.770513
0.844328
0.904827
0.951057
0.982287
0.998027
0.998027
0.982287
0.951057
0.904827
0.844328
0.770513
0.684547
0.587785
0.481754
0.368125
0.24869
0.125333
3.67394e-16
-0.125333
-0.24869
-0.368125
-0.481754
-0.587785
-0.684547
-0.770513
-0.844328
-0.904827
-0.951057
-0.982287
-0.998027
-0.998027
-0.982287
-0.951057
-0.904827
-0.844328
-0.770513
-0.684547
-0.587785
-0.481754
-0.368125
-0.24869
-0.125333
-4.89859e-16
