   2.0000000000000000e-02   4.0000000000000001e-02   5.9999999999999998e-02   8.0000000000000002e-02   1.0000000000000001e-01   1.2000000000000000e-01   1.4000000000000001e-01   1.6000000000000000e-01   1.7999999999999999e-01   2.0000000000000001e-01   2.2000000000000000e-01   2.3999999999999999e-01   2.6000000000000001e-01   2.8000000000000003e-01
   1.2426028687436140e-02   8.3540393887618233e-02   2.6487234378840457e-01   5.7585209759836375e-01   1.0251522296228781e+00   1.6208457283586970e+00   2.3626560783166832e+00   3.2365621055846781e+00   4.2259565386204461e+00   5.3149646676789031e+00   6.4662551068689806e+00   7.6421701176587948e+00   8.8179453204149425e+00   9.9702388771024602e+00
   6.4311685447167468e+00   4.3236851201423633e+01   1.3708633132802296e+02   2.9803583990017955e+02   5.3057392176817950e+02   8.3887880241243283e+02   1.2228073695192140e+03   1.6751028771971332e+03   2.1871701286184202e+03   2.7507930688763063e+03   3.3466506066782758e+03   3.9552527448898272e+03   4.5637825245827389e+03   5.1601592320935888e+03
  -3.9666511651898517e+00  -2.6667860592482903e+01  -8.4552854137312067e+01  -1.8382416871651935e+02  -3.2725027347169208e+02  -5.1740823707317452e+02  -7.5420978992858295e+02  -1.0331790767799782e+03  -1.3490147053104185e+03  -1.6966491324221627e+03  -2.0641653901870159e+03  -2.4395423320115465e+03  -2.8148746441548178e+03  -3.1827111182406002e+03
   5.4586567711943804e-16  -4.3669254169555043e-15  -1.7467701667822017e-14   0.0000000000000000e+00   0.0000000000000000e+00   0.0000000000000000e+00   1.3974161334257614e-13   0.0000000000000000e+00  -2.7948322668515228e-13  -2.7948322668515228e-13  -2.7948322668515228e-13   0.0000000000000000e+00   0.0000000000000000e+00   0.0000000000000000e+00
  -3.9666511651898544e+00  -2.6667860592482903e+01  -8.4552854137312039e+01  -1.8382416871651941e+02  -3.2725027347169191e+02  -5.1740823707317429e+02  -7.5420978992858329e+02  -1.0331790767799780e+03  -1.3490147053104188e+03  -1.6966491324221624e+03  -2.0641653901870168e+03  -2.4395423320115465e+03  -2.8148746441548165e+03  -3.1827111182406006e+03
   3.1907413587733635e+00   2.1451406286785211e+01   6.8013615884809042e+01   1.4786663950013815e+02   2.6323741079108589e+02   4.1619890246143530e+02   6.0668011118182608e+02   8.3108069603679701e+02   1.0851362609349585e+03   1.3647705161608865e+03   1.6603975513695159e+03   1.9623476557599188e+03   2.2642618604041900e+03   2.5601464749704173e+03
   1.0797342316542535e-19   8.3715902159456081e-18  -1.1350923146253120e-17  -1.6099409294326341e-16  -8.1252710361800239e-17   1.5385485129296910e-16  -2.2221209234384566e-16   1.3761498388889769e-16  -8.4050800318415356e-17  -1.5208136401524375e-16  -2.6113086646576648e-16  -3.0259266096128989e-16  -3.5787505362198771e-16  -4.5676409503629727e-16
   6.3814827175467261e+00   4.2902812573570415e+01   1.3602723176961811e+02   2.9573327900027630e+02   5.2647482158217190e+02   8.3239780492287071e+02   1.2133602223636522e+03   1.6621613920735940e+03   2.1702725218699161e+03   2.7295410323217720e+03   3.3207951027390322e+03   3.9246953115198385e+03   4.5285237208083809e+03   5.1202929499408347e+03
  -7.6385843208951849e+00  -5.1354327191967386e+01  -1.6282352014417597e+02  -3.5399039504205803e+02  -6.3018619582341944e+02  -9.9637358633728081e+02  -1.4523825857367488e+03  -1.9895940348439412e+03  -2.5977990368981687e+03  -3.2672390188261106e+03  -3.9749654629542838e+03  -4.6978292346439730e+03  -5.4206070629095202e+03  -6.1289501479437058e+03
   0.0000000000000000e+00   0.0000000000000000e+00   0.0000000000000000e+00   0.0000000000000000e+00   0.0000000000000000e+00   0.0000000000000000e+00   0.0000000000000000e+00   0.0000000000000000e+00   2.7948322668515228e-13   2.7948322668515228e-13   2.7948322668515228e-13   0.0000000000000000e+00   0.0000000000000000e+00   0.0000000000000000e+00
  -3.1907413587733635e+00  -2.1451406286785215e+01  -6.8013615884809042e+01  -1.4786663950013815e+02  -2.6323741079108589e+02  -4.1619890246143530e+02  -6.0668011118182608e+02  -8.3108069603679701e+02  -1.0851362609349585e+03  -1.3647705161608865e+03  -1.6603975513695159e+03  -1.9623476557599188e+03  -2.2642618604041900e+03  -2.5601464749704173e+03
   3.9666511651898544e+00   2.6667860592482906e+01   8.4552854137312039e+01   1.8382416871651938e+02   3.2725027347169191e+02   5.1740823707317440e+02   7.5420978992858329e+02   1.0331790767799780e+03   1.3490147053104188e+03   1.6966491324221624e+03   2.0641653901870168e+03   2.4395423320115465e+03   2.8148746441548165e+03   3.1827111182406006e+03
  -1.2426028687436141e-02  -8.3540393887618247e-02  -2.6487234378840463e-01  -5.7585209759836375e-01  -1.0251522296228781e+00  -1.6208457283586970e+00  -2.3626560783166832e+00  -3.2365621055846781e+00  -4.2259565386204461e+00  -5.3149646676789040e+00  -6.4662551068689806e+00  -7.6421701176587948e+00  -8.8179453204149425e+00  -9.9702388771024602e+00
   3.9666511651898531e+00   2.6667860592482889e+01   8.4552854137312039e+01   1.8382416871651941e+02   3.2725027347169208e+02   5.1740823707317440e+02   7.5420978992858329e+02   1.0331790767799782e+03   1.3490147053104185e+03   1.6966491324221627e+03   2.0641653901870159e+03   2.4395423320115465e+03   2.8148746441548178e+03   3.1827111182406002e+03
  -6.4311685447167486e+00  -4.3236851201423619e+01  -1.3708633132802294e+02  -2.9803583990017961e+02  -5.3057392176817950e+02  -8.3887880241243272e+02  -1.2228073695192143e+03  -1.6751028771971332e+03  -2.1871701286184202e+03  -2.7507930688763063e+03  -3.3466506066782758e+03  -3.9552527448898272e+03  -4.5637825245827389e+03  -5.1601592320935888e+03
