   2.0000000000000000e-02   4.0000000000000001e-02   5.9999999999999998e-02   8.0000000000000002e-02   1.0000000000000001e-01   1.2000000000000000e-01   1.4000000000000001e-01   1.6000000000000000e-01   1.7999999999999999e-01   2.0000000000000001e-01   2.2000000000000000e-01   2.3999999999999999e-01   2.6000000000000001e-01   2.8000000000000003e-01
   4.1401546544793942e-06   2.7834327385753677e-05   8.8251242175805200e-05   1.9186473829520045e-04   3.4156437923843318e-04   5.4003995606756406e-04   7.8719933823000990e-04   1.0783708941133007e-03   1.4080213456039460e-03   1.7708614925002705e-03   2.1544531121856342e-03   2.5462492465464144e-03   2.9379987990992909e-03   3.3219246415424229e-03
   4.7309360722517224e-06   3.1806160509886693e-05   1.0084429686191027e-04   2.1924297209811343e-04   3.9030407740615327e-04   6.1710122491512125e-04   8.9952913745762898e-04   1.2322495626358369e-03   1.6089396484769097e-03   2.0235554497382729e-03   2.4618838654701593e-03   2.9095875431602563e-03   3.3572379920283140e-03   3.7959483225998266e-03
  -7.9887025828704124e-07  -5.3708177987614910e-06  -1.7028661611676713e-05  -3.7021571856555717e-05  -6.5907108945468238e-05  -1.0420428587667530e-04  -1.5189532544993153e-04  -2.0807880540826070e-04  -2.7168704309615582e-04  -3.4169945230757572e-04  -4.1571599561791807e-04  -4.9131565436835202e-04  -5.6690632485046841e-04  -6.4098735865527430e-04
   2.1684043449710089e-19  -1.7347234759768071e-18  -6.9388939039072284e-18   0.0000000000000000e+00   0.0000000000000000e+00   0.0000000000000000e+00   5.5511151231257827e-17   0.0000000000000000e+00  -1.1102230246251565e-16  -1.1102230246251565e-16  -1.1102230246251565e-16   0.0000000000000000e+00   0.0000000000000000e+00   0.0000000000000000e+00
  -3.9248780454673210e-06  -2.6387019226080492e-05  -8.3662421288122781e-05  -1.8188830173757300e-04  -3.2380397474672941e-04  -5.1195936967027311e-04  -7.4626714648993705e-04  -1.0222985855364074e-03  -1.3348081238779693e-03  -1.6787815851173286e-03  -2.0424274998658079e-03  -2.4138513171833168e-03  -2.7852309748182982e-03  -3.1491937336640967e-03
   1.9984812847091359e-06   1.3435822329175880e-05   4.2599484937080871e-05   9.2614436096902260e-05   1.6487548809143162e-04   2.6068102166871415e-04   3.7998656477385021e-04   5.2053708851885474e-04   6.7966164129061894e-04   8.5480708957209124e-04   1.0399694172844262e-03   1.2290921209723790e-03   1.4181923392995012e-03   1.6035159986484701e-03
   3.5975023213200385e-23   2.7892803943858183e-21  -3.7819466282186835e-21  -5.3640665091709795e-20  -2.7072107706752966e-20   5.1261983592462606e-20  -7.4037526513130836e-20   4.5851118680402991e-20  -2.8004386671249897e-20  -5.0671085905661146e-20  -8.7004641581070429e-20  -1.0081905049493940e-19  -1.1923826238009800e-19  -1.5218651442319979e-19
   2.7252670190452272e-06   1.8322014695666096e-05   5.8091597962718610e-05   1.2629543749722644e-04   2.2483559560076605e-04   3.5548263387823425e-04   5.1817590716601858e-04   7.0984030242581323e-04   9.2683352568350601e-04   1.1656739478528126e-03   1.4181740781992998e-03   1.6760748505792898e-03   1.9339449603692654e-03   2.1866650936709009e-03
  -4.7309360722517232e-06  -3.1806160509886686e-05  -1.0084429686191026e-04  -2.1924297209811343e-04  -3.9030407740615327e-04  -6.1710122491512125e-04  -8.9952913745762920e-04  -1.2322495626358369e-03  -1.6089396484769095e-03  -2.0235554497382725e-03  -2.4618838654701593e-03  -2.9095875431602563e-03  -3.3572379920283140e-03  -3.7959483225998266e-03
   0.0000000000000000e+00   0.0000000000000000e+00   0.0000000000000000e+00   0.0000000000000000e+00   0.0000000000000000e+00   0.0000000000000000e+00   0.0000000000000000e+00   0.0000000000000000e+00   1.1102230246251565e-16   1.1102230246251565e-16   1.1102230246251565e-16   0.0000000000000000e+00   0.0000000000000000e+00   0.0000000000000000e+00
  -1.9984812847091359e-06  -1.3435822329175880e-05  -4.2599484937080871e-05  -9.2614436096902260e-05  -1.6487548809143162e-04  -2.6068102166871415e-04  -3.7998656477385021e-04  -5.2053708851885474e-04  -6.7966164129061894e-04  -8.5480708957209124e-04  -1.0399694172844262e-03  -1.2290921209723790e-03  -1.4181923392995012e-03  -1.6035159986484701e-03
   3.9248780454673210e-06   2.6387019226080495e-05   8.3662421288122781e-05   1.8188830173757295e-04   3.2380397474672941e-04   5.1195936967027322e-04   7.4626714648993705e-04   1.0222985855364074e-03   1.3348081238779693e-03   1.6787815851173286e-03   2.0424274998658079e-03   2.4138513171833168e-03   2.7852309748182982e-03   3.1491937336640967e-03
  -4.1401546544793950e-06  -2.7834327385753684e-05  -8.8251242175805213e-05  -1.9186473829520045e-04  -3.4156437923843318e-04  -5.4003995606756406e-04  -7.8719933823000990e-04  -1.0783708941133007e-03  -1.4080213456039460e-03  -1.7708614925002707e-03  -2.1544531121856342e-03  -2.5462492465464144e-03  -2.9379987990992909e-03  -3.3219246415424229e-03
   7.9887025828704209e-07   5.3708177987614808e-06   1.7028661611676700e-05   3.7021571856555771e-05   6.5907108945468238e-05   1.0420428587667519e-04   1.5189532544993174e-04   2.0807880540826070e-04   2.7168704309615582e-04   3.4169945230757572e-04   4.1571599561791807e-04   4.9131565436835202e-04   5.6690632485046841e-04   6.4098735865527430e-04
  -4.7309360722517232e-06  -3.1806160509886686e-05  -1.0084429686191026e-04  -2.1924297209811343e-04  -3.9030407740615327e-04  -6.1710122491512125e-04  -8.9952913745762920e-04  -1.2322495626358369e-03  -1.6089396484769097e-03  -2.0235554497382729e-03  -2.4618838654701593e-03  -2.9095875431602563e-03  -3.3572379920283140e-03  -3.7959483225998266e-03
