   2.0000000000000000e-02   4.0000000000000001e-02   5.9999999999999998e-02   8.0000000000000002e-02   1.0000000000000001e-01   1.2000000000000000e-01   1.4000000000000001e-01   1.6000000000000000e-01   1.7999999999999999e-01   2.0000000000000001e-01   2.2000000000000000e-01   2.3999999999999999e-01   2.6000000000000001e-01   2.8000000000000003e-01
   1.7599082188776411e+01   4.7922588341672842e+01   4.2657773449403493e+01   5.0383069408668398e+01   5.2480327600491975e+01   5.1994352377800624e+01   5.0477413568674955e+01   3.4138967489652906e+01   4.4811789117877495e+01   1.7321115638071216e+01   8.7569054363290721e+00   4.1047973813274533e-02  -9.0370126019433545e+00  -1.5224262833072149e+01
   4.1401546544793950e-02   1.1273708767836101e-01   1.0035169868625668e-01   1.1852532824256239e-01   1.2345909306699324e-01   1.2231584448243339e-01   1.1874727130128471e-01   8.0311350123455985e-02   1.0541898452534101e-01   4.0747634882660033e-02   2.0600473599721104e-02   9.6564672068121863e-05  -2.1259421022886794e-02  -3.5814823723746378e-02
  -3.9320658139646802e-02  -1.0707079455266480e-01  -9.5307909174501923e-02  -1.1256811162048924e-01  -1.1725389986255202e-01  -1.1616811224074244e-01  -1.1277889957086507e-01  -7.6274811123804437e-02  -1.0012050751451265e-01  -3.8699612814827089e-02  -1.9565070571835281e-02  -9.1711222702825761e-05   2.0190898554457347e-02   3.4014730306145068e-02
   1.7599082188776411e+01   4.7922588341672814e+01   4.2657773449403521e+01   5.0383069408668455e+01   5.2480327600491634e+01   5.1994352377801079e+01   5.0477413568674727e+01   3.4138967489652224e+01   4.4811789117878178e+01   1.7321115638071216e+01   8.7569054363270258e+00   4.1047973818049380e-02  -9.0370126019513126e+00  -1.5224262833060781e+01
   4.8687890874099381e-18  -5.4905892048180318e-18  -1.5047434680926103e-16   5.2389168846717365e-16  -4.3721372812361947e-16  -5.3459950344561264e-16   3.6359580800158415e-15  -1.0677847454548936e-14   2.1362890910731408e-14  -3.5223772892375028e-14   5.0414999054743563e-14  -6.5375985068547612e-14   7.7336702838572662e-14  -8.0580050367978785e-14
  -2.0056690532064964e-02  -5.4614696013946022e-02  -4.8614680679612679e-02  -5.7418768794071449e-02  -5.9808896760293183e-02  -5.9255057955337608e-02  -5.7526287561269922e-02  -3.8906273559016477e-02  -5.1069491970363486e-02  -1.9739907587021956e-02  -9.9797557890364576e-03  -4.6780081972496312e-05   1.0298978273237645e-02   1.7350241617542658e-02
   1.7599082188776411e+01   4.7922588341672814e+01   4.2657773449403521e+01   5.0383069408668455e+01   5.2480327600491634e+01   5.1994352377800965e+01   5.0477413568674841e+01   3.4138967489652224e+01   4.4811789117879087e+01   1.7321115638069397e+01   8.7569054363304364e+00   4.1047973812137664e-02  -9.0370126019426724e+00  -1.5224262833072377e+01
  -4.1401546544793950e-02  -1.1273708767836098e-01  -1.0035169868625639e-01  -1.1852532824256298e-01  -1.2345909306699324e-01  -1.2231584448243352e-01  -1.1874727130128408e-01  -8.0311350123455402e-02  -1.0541898452534131e-01  -4.0747634882660630e-02  -2.0600473599721548e-02  -9.6564672065457328e-05   2.1259421022876722e-02   3.5814823723773766e-02
  -3.9320658139646809e-02  -1.0707079455266473e-01  -9.5307909174502173e-02  -1.1256811162048888e-01  -1.1725389986255225e-01  -1.1616811224074200e-01  -1.1277889957086895e-01  -7.6274811123795999e-02  -1.0012050751452509e-01  -3.8699612814811990e-02  -1.9565070571853489e-02  -9.1711222681509479e-05   2.0190898554432481e-02   3.4014730306174822e-02
