   2.0000000000000000e-02   4.0000000000000001e-02   5.9999999999999998e-02   8.0000000000000002e-02   1.0000000000000001e-01   1.2000000000000000e-01   1.4000000000000001e-01   1.6000000000000000e-01   1.7999999999999999e-01   2.0000000000000001e-01   2.2000000000000000e-01   2.3999999999999999e-01   2.6000000000000001e-01   2.8000000000000003e-01
   2.7951128252436550e-02   1.8791589191910796e-01   5.9580426200360637e-01   1.2953226038083305e+00   2.3059790194620207e+00   3.6459329018430311e+00   5.3145622565799595e+00   7.2803278332718060e+00   9.5058732094864062e+00   1.1955489788437024e+01   1.4545204292648913e+01   1.7190309346509071e+01   1.9835099915961173e+01   2.2427070834231692e+01
  -1.7347234759768071e-18  -1.3877787807814457e-17  -5.5511151231257827e-17   0.0000000000000000e+00   0.0000000000000000e+00  -1.1102230246251565e-16   4.4408920985006262e-16  -6.6613381477509392e-16  -4.4408920985006262e-16  -8.8817841970012523e-16   8.8817841970012523e-16   1.7763568394002505e-15   8.8817841970012523e-16  -8.8817841970012523e-16
  -2.6645352591003757e-15   0.0000000000000000e+00   2.8421709430404007e-14  -5.6843418860808015e-14   1.7053025658242404e-13   2.2737367544323206e-13  -3.4106051316484809e-13   2.2737367544323206e-13  -2.2737367544323206e-13   2.2737367544323206e-13  -9.0949470177292824e-13   0.0000000000000000e+00   1.3642420526593924e-12  -4.5474735088646412e-13
   3.7688352253876650e-02   2.5337940797187147e-01   8.0336223632738601e-01   1.7465690162428342e+00   3.1093038102300845e+00   4.9160521270434181e+00   7.1659752905926162e+00   9.8165468465525159e+00   1.2817396663354510e+01   1.6120376481579772e+01   1.9612259585196529e+01   2.3178829425171539e+01   2.6744975225048123e+01   3.0239900800764897e+01
   0.0000000000000000e+00  -1.3877787807814457e-17   0.0000000000000000e+00  -5.5511151231257827e-17  -2.2204460492503131e-16  -1.1102230246251565e-16  -4.4408920985006262e-16   2.2204460492503131e-16  -4.4408920985006262e-16   0.0000000000000000e+00   0.0000000000000000e+00   0.0000000000000000e+00   8.8817841970012523e-16  -8.8817841970012523e-16
  -8.8817841970012523e-16  -1.0658141036401503e-14   2.8421709430404007e-14   0.0000000000000000e+00   1.1368683772161603e-13   1.1368683772161603e-13   0.0000000000000000e+00   0.0000000000000000e+00  -9.0949470177292824e-13  -9.0949470177292824e-13   4.5474735088646412e-13   9.0949470177292824e-13   9.0949470177292824e-13   0.0000000000000000e+00
   2.7951128252437105e-02   1.8791589191910352e-01   5.9580426200358871e-01   1.2953226038083308e+00   2.3059790194620207e+00   3.6459329018430302e+00   5.3145622565801016e+00   7.2803278332718060e+00   9.5058732094864062e+00   1.1955489788437024e+01   1.4545204292648915e+01   1.7190309346509071e+01   1.9835099915961173e+01   2.2427070834231692e+01
   0.0000000000000000e+00   1.3877787807814457e-17   0.0000000000000000e+00  -1.1102230246251565e-16   0.0000000000000000e+00   4.4408920985006262e-16  -4.4408920985006262e-16   8.8817841970012523e-16   0.0000000000000000e+00   0.0000000000000000e+00  -8.8817841970012523e-16  -1.7763568394002505e-15   0.0000000000000000e+00   0.0000000000000000e+00
  -1.3322676295501878e-15  -1.7763568394002505e-14   0.0000000000000000e+00   2.8421709430404007e-14   1.7053025658242404e-13   0.0000000000000000e+00   0.0000000000000000e+00   2.2737367544323206e-13  -2.2737367544323206e-13   2.2737367544323206e-13  -9.0949470177292824e-13   0.0000000000000000e+00   1.3642420526593924e-12  -4.5474735088646412e-13
