   2.0000000000000000e-02   4.0000000000000001e-02   5.9999999999999998e-02   8.0000000000000002e-02   1.0000000000000001e-01   1.2000000000000000e-01   1.4000000000000001e-01   1.6000000000000000e-01   1.7999999999999999e-01   2.0000000000000001e-01   2.2000000000000000e-01   2.3999999999999999e-01   2.6000000000000001e-01   2.8000000000000003e-01
   1.7599082188776410e-03   1.1831891709677848e-02   3.7514078432630611e-02   8.1558385620498192e-02   1.4519311679508898e-01   2.2956165566842507e-01   3.3462483913423796e-01   4.5839683730053127e-01   5.9852554923341039e-01   7.5276262730263743e-01   9.1582079795489924e-01   1.0823665660556152e+00   1.2488925330345326e+00   1.4120927760071353e+00
   4.1401546544793950e-06   2.7834327385753677e-05   8.8251242175805213e-05   1.9186473829520045e-04   3.4156437923843318e-04   5.4003995606756417e-04   7.8719933823000968e-04   1.0783708941133009e-03   1.4080213456039458e-03   1.7708614925002705e-03   2.1544531121856338e-03   2.5462492465464139e-03   2.9379987990992909e-03   3.3219246415424233e-03
  -3.9320658139646803e-06  -2.6435342711125202e-05  -8.3815635250233557e-05  -1.8222140024155769e-04  -3.2439696846068509e-04  -5.1289693903844606e-04  -7.4763381200769724e-04  -1.0241707572275762e-03  -1.3372526053807539e-03  -1.6818559974306972e-03  -2.0461678698522408e-03  -2.4182718887919043e-03  -2.7903316671778460e-03  -3.1549609639445523e-03
   1.7599082188776412e-03   1.1831891709677847e-02   3.7514078432630604e-02   8.1558385620498192e-02   1.4519311679508898e-01   2.2956165566842507e-01   3.3462483913423802e-01   4.5839683730053127e-01   5.9852554923341028e-01   7.5276262730263732e-01   9.1582079795489912e-01   1.0823665660556152e+00   1.2488925330345326e+00   1.4120927760071353e+00
   4.8687890874099378e-22   1.3984567144821723e-21  -1.3348639092925365e-20  -6.3504943359495436e-21   4.6657180621172956e-20   1.1151328455727676e-20   1.8860001079038213e-19  -2.8004386671249897e-20   1.1970662403205589e-19  -5.0166217810753235e-20  -8.7004641581070453e-20  -1.0081905049493940e-19  -4.1466028378670982e-19   1.4323550698341176e-19
  -2.0056690532064965e-06  -1.3484145814220588e-05  -4.2752698899191646e-05  -9.2947534600886999e-05  -1.6546848180538722e-04  -2.6161859103688700e-04  -3.8135323029161062e-04  -5.2240926021002360e-04  -6.8210612279340319e-04  -8.5788150188545931e-04  -1.0437097872708597e-03  -1.2335126925809669e-03  -1.4232930316590486e-03  -1.6092832289289257e-03
   1.7599082188776412e-03   1.1831891709677847e-02   3.7514078432630604e-02   8.1558385620498192e-02   1.4519311679508898e-01   2.2956165566842507e-01   3.3462483913423802e-01   4.5839683730053127e-01   5.9852554923341039e-01   7.5276262730263743e-01   9.1582079795489924e-01   1.0823665660556152e+00   1.2488925330345326e+00   1.4120927760071353e+00
  -4.1401546544793950e-06  -2.7834327385753681e-05  -8.8251242175805200e-05  -1.9186473829520043e-04  -3.4156437923843318e-04  -5.4003995606756417e-04  -7.8719933823000979e-04  -1.0783708941133009e-03  -1.4080213456039458e-03  -1.7708614925002705e-03  -2.1544531121856338e-03  -2.5462492465464139e-03  -2.9379987990992913e-03  -3.3219246415424229e-03
  -3.9320658139646811e-06  -2.6435342711125195e-05  -8.3815635250233543e-05  -1.8222140024155769e-04  -3.2439696846068509e-04  -5.1289693903844606e-04  -7.4763381200769745e-04  -1.0241707572275762e-03  -1.3372526053807539e-03  -1.6818559974306972e-03  -2.0461678698522408e-03  -2.4182718887919043e-03  -2.7903316671778460e-03  -3.1549609639445523e-03
