   2.0000000000000000e-02   4.0000000000000001e-02   5.9999999999999998e-02   8.0000000000000002e-02   1.0000000000000001e-01   1.2000000000000000e-01   1.4000000000000001e-01   1.6000000000000000e-01   1.7999999999999999e-01   2.0000000000000001e-01   2.2000000000000000e-01   2.3999999999999999e-01   2.6000000000000001e-01   2.8000000000000003e-01
   1.7599082188776408e-01   8.3120752719225655e-01   1.7370111451030199e+00   2.6674195736837381e+00   3.6960535437753417e+00   4.7408003435582673e+00   5.7655180030230229e+00   6.6116818136063031e+00   7.4011893796816075e+00   8.0225184272410903e+00   8.2832986379850926e+00   8.3712781720865177e+00   8.2813185258052169e+00   8.0387057714550636e+00
   4.1401546544793947e-04   1.9554018076794887e-03   4.0862896713256668e-03   6.2750599406138580e-03   8.6949041537094148e-03   1.1152653529203681e-02   1.3563284687040862e-02   1.5553870901288267e-02   1.7411174247776235e-02   1.8872840441856251e-02   1.9486321526680062e-02   1.9693291909397954e-02   1.9481663345889771e-02   1.8910920898423438e-02
  -3.9320658139646808e-04  -1.8571211083195844e-03  -3.8809081455912510e-03  -5.9596683535411629e-03  -8.2578884683715756e-03  -1.0592108589404523e-02  -1.2881578707520601e-02  -1.4772115814467295e-02  -1.6536069000850466e-02  -1.7924270204143861e-02  -1.8506917038010485e-02  -1.8703484855955865e-02  -1.8502492982638324e-02  -1.7960436694032297e-02
   1.7599082188776410e-01   8.3120752719225621e-01   1.7370111451030199e+00   2.6674195736837389e+00   3.6960535437753408e+00   4.7408003435582673e+00   5.7655180030230264e+00   6.6116818136062996e+00   7.4011893796816057e+00   8.0225184272410992e+00   8.2832986379850801e+00   8.3712781720865337e+00   8.2813185258052009e+00   8.0387057714550796e+00
   4.8687890874099381e-20   4.2469889700018463e-20  -1.5171794704407720e-18   2.2169939461383539e-18   3.0837735495738962e-18  -6.6343587661184247e-18   2.4379226999583868e-17  -4.6039666745747066e-17   6.0810767816077638e-17  -7.7798052000358547e-17   7.4114209623326823e-17  -7.5495650514713721e-17   4.4111527185536679e-17   1.1678051891475479e-17
  -2.0056690532064964e-04  -9.4728077078075953e-04  -1.9795745377163463e-03  -3.0399090324531876e-03  -4.2121856879968351e-03  -5.4028252351531426e-03  -6.5706386903192186e-03  -7.5349643015220824e-03  -8.4347219568158809e-03  -9.1428159523897368e-03  -9.4400125861503204e-03  -9.5402779448604067e-03  -9.4377559629477553e-03  -9.1612637640399539e-03
   1.7599082188776410e-01   8.3120752719225621e-01   1.7370111451030195e+00   2.6674195736837389e+00   3.6960535437753408e+00   4.7408003435582673e+00   5.7655180030230264e+00   6.6116818136062978e+00   7.4011893796816093e+00   8.0225184272410921e+00   8.2832986379850908e+00   8.3712781720865195e+00   8.2813185258052151e+00   8.0387057714550654e+00
  -4.1401546544793958e-04  -1.9554018076794887e-03  -4.0862896713256642e-03  -6.2750599406138580e-03  -8.6949041537094183e-03  -1.1152653529203688e-02  -1.3563284687040867e-02  -1.5553870901288258e-02  -1.7411174247776225e-02  -1.8872840441856244e-02  -1.9486321526680069e-02  -1.9693291909397934e-02  -1.9481663345889823e-02  -1.8910920898423316e-02
  -3.9320658139646814e-04  -1.8571211083195833e-03  -3.8809081455912519e-03  -5.9596683535411621e-03  -8.2578884683715721e-03  -1.0592108589404514e-02  -1.2881578707520623e-02  -1.4772115814467272e-02  -1.6536069000850480e-02  -1.7924270204143847e-02  -1.8506917038010499e-02  -1.8703484855955851e-02  -1.8502492982638345e-02  -1.7960436694032269e-02
